0 0.513028 0.447361 0.95657 0.717239
0 0.150999 0.707857 0.301998 0.573863
0 0.23017 0.342105 0.398281 0.568367
0 0.874351 0.456701 0.251298 0.772279
0 0.486189 0.854519 0.970115 0.290961
0 0.498318 0.600253 0.996087 0.796684
0 0.137996 0.497239 0.275993 0.76785
0 0.195417 0.815553 0.390835 0.368894
1 0.879402 0.474062 0.241195 0.813479
0 0.843557 0.146395 0.312886 0.29279
0 0.138596 0.626884 0.277191 0.49694
0 0.781407 0.914143 0.437186 0.171714
0 0.877937 0.0614056 0.244125 0.122811
0 0.535352 0.347969 0.809051 0.447893
0 0.264903 0.720833 0.529807 0.550367
0 0.140102 0.381026 0.280205 0.737523
0 0.847191 0.383227 0.305619 0.719414
0 0.0616558 0.181326 0.123312 0.361149
0 0.0951827 0.311536 0.190365 0.602158
1 0.522813 0.55197 0.854513 0.79455
0 0.871012 0.152438 0.257976 0.304876
0 0.187459 0.372952 0.287898 0.395915
0 0.324821 0.498772 0.649642 0.855727
0 0.295647 0.416946 0.514287 0.604514
0 0.837054 0.211081 0.325892 0.422162
0 0.574013 0.316196 0.851974 0.614417
0 0.182868 0.5113 0.353103 0.830297
0 0.853117 0.467058 0.293766 0.827178
0 0.662741 0.905549 0.661836 0.188903
0 0.0815761 0.255196 0.163152 0.499708
1 0.741884 0.831696 0.51289 0.336608
0 0.682162 0.500784 0.635677 0.844165
0 0.878569 0.507715 0.242863 0.855481
0 0.0614459 0.108273 0.122892 0.216545
0 0.463341 0.105852 0.838133 0.211705
0 0.261457 0.87095 0.521978 0.258099
0 0.174129 0.292407 0.348257 0.559976
0 0.387782 0.311705 0.775563 0.599391
0 0.326655 0.149801 0.65331 0.299603
0 0.498141 0.281416 0.871825 0.409294
0 0.873248 0.65869 0.253505 0.65404
0 0.878621 0.751119 0.242758 0.46822
1 0.667247 0.244315 0.663419 0.48863
0 0.73727 0.171942 0.52546 0.343885
0 0.866406 0.220635 0.267188 0.438949
0 0.419348 0.165722 0.832891 0.331443
1 0.867245 0.591153 0.262552 0.744147
0 0.135107 0.890686 0.270215 0.218627
0 0.305489 0.326937 0.520002 0.469114
1 0.486868 0.279777 0.833683 0.411408
0 0.281757 0.196408 0.563513 0.392815
0 0.132319 0.827729 0.264638 0.344542
0 0.192165 0.91046 0.38433 0.179079
0 0.720892 0.598965 0.558216 0.802071
0 0.786729 0.300374 0.426541 0.589304
0 0.84808 0.280764 0.30384 0.533832
0 0.788429 0.615571 0.423141 0.758117
0 0.798149 0.854578 0.400662 0.290843
0 0.477832 0.234569 0.724164 0.368659
1 0.597918 0.168669 0.804163 0.337338
1 0.764627 0.888731 0.465287 0.222538
1 0.400374 0.344179 0.727261 0.541019
0 0.562278 0.436166 0.761497 0.497211
0 0.881319 0.890327 0.237362 0.219347
0 0.518164 0.192944 0.844404 0.385889
0 0.874404 0.839593 0.251192 0.320814
1 0.515858 0.110127 0.840134 0.220254
0 0.638809 0.368251 0.64053 0.482958
0 0.553209 0.823468 0.88393 0.347913
0 0.78622 0.780065 0.42756 0.431466
0 0.156099 0.182756 0.312198 0.364537
1 0.736636 0.615598 0.435255 0.692048
0 0.663236 0.371954 0.673529 0.726905
0 0.73048 0.640954 0.478293 0.663399
0 0.150369 0.119574 0.300739 0.239147
1 0.493648 0.824474 0.987296 0.351051
0 0.842092 0.902023 0.315816 0.195954
0 0.28264 0.827761 0.565279 0.34333
0 0.70653 0.444302 0.482079 0.401334
0 0.664083 0.857767 0.661311 0.284467
1 0.326804 0.829269 0.649396 0.340477
0 0.198174 0.878988 0.396347 0.242025
1 0.442243 0.214022 0.853717 0.428043
1 0.142682 0.482822 0.285365 0.803814
1 0.13952 0.642809 0.27904 0.468699
1 0.471684 0.673365 0.943369 0.645286
