1 0.872775 0.702872 0.243178 0.259626
1 0.143615 0.389325 0.18834 0.219809
1 0.627874 0.822241 0.719156 0.354475
1 0.19331 0.401098 0.286179 0.225184
0 0.530859 0.492525 0.934812 0.690355
0 0.571177 0.675627 0.857647 0.621724
1 0.138614 0.752099 0.277228 0.24564
0 0.494247 0.855338 0.979577 0.287476
0 0.135993 0.409637 0.180978 0.191973
0 0.874308 0.608021 0.251384 0.418245
1 0.565711 0.6788 0.862209 0.420801
0 0.138507 0.606683 0.277014 0.56027
0 0.146519 0.780258 0.293038 0.439485
1 0.873919 0.542183 0.24691 0.549682
0 0.166256 0.430704 0.235422 0.209628
1 0.500998 0.419786 0.889663 0.684274
0 0.159201 0.827842 0.318401 0.344316
0 0.306163 0.316406 0.612325 0.625007
0 0.501177 0.759636 0.97924 0.480537
0 0.19523 0.326458 0.39046 0.638288
0 0.569692 0.89484 0.845855 0.210319
0 0.66783 0.905279 0.651335 0.189442
0 0.164083 0.462375 0.270653 0.222427
1 0.513912 0.608138 0.582892 0.358817
1 0.679752 0.881574 0.616864 0.236852
0 0.241796 0.833986 0.483592 0.332027
0 0.465369 0.136377 0.873667 0.272754
0 0.380725 0.167288 0.76145 0.334575
1 0.246992 0.280654 0.493984 0.550347
0 0.139306 0.511635 0.278611 0.773588
0 0.526058 0.556841 0.655272 0.461737
0 0.560751 0.470279 0.731118 0.25721
0 0.273653 0.197765 0.547305 0.395531
1 0.470685 0.296616 0.859787 0.436597
0 0.877729 0.562437 0.244541 0.562982
0 0.784153 0.914758 0.41851 0.170484
0 0.380393 0.107768 0.760785 0.215535
0 0.424351 0.214125 0.848702 0.423415
0 0.806635 0.935162 0.372277 0.129675
0 0.503927 0.632562 0.683404 0.379586
0 0.683991 0.598968 0.632018 0.605596
0 0.549309 0.264948 0.837668 0.466741
0 0.0835908 0.2085 0.167182 0.416999
1 0.340215 0.310683 0.589628 0.399416
0 0.303659 0.139035 0.607318 0.27807
0 0.481011 0.394526 0.870283 0.639486
0 0.45388 0.196476 0.727328 0.392952
0 0.206831 0.917916 0.413663 0.164168
0 0.467027 0.558523 0.886393 0.518236
0 0.811772 0.0959231 0.376456 0.191846
0 0.830289 0.30315 0.339421 0.316674
1 0.138755 0.644851 0.277511 0.516981
0 0.444453 0.246967 0.628787 0.369127
0 0.136733 0.263318 0.273465 0.5131
0 0.739171 0.16658 0.521658 0.33316
0 0.706779 0.785601 0.577184 0.425892
0 0.660403 0.246775 0.679193 0.467121
0 0.373451 0.251888 0.746903 0.457297
0 0.164221 0.8471 0.328441 0.3058
0 0.730139 0.41106 0.539722 0.304592
0 0.153995 0.433497 0.175843 0.172876
0 0.869631 0.815174 0.260738 0.364915
1 0.500997 0.814518 0.982762 0.370964
0 0.848202 0.118823 0.303595 0.237646
0 0.268733 0.504821 0.537467 0.813407
0 0.496114 0.603382 0.976789 0.777064
0 0.585648 0.150648 0.828704 0.301296
0 0.139191 0.713907 0.278383 0.384569
0 0.835981 0.162895 0.328039 0.316774
0 0.282045 0.42272 0.564089 0.607165
1 0.648848 0.451023 0.533314 0.197494
1 0.172361 0.318006 0.289652 0.352336
0 0.115627 0.186028 0.231254 0.372057
0 0.491624 0.189025 0.87701 0.303759
0 0.711794 0.106688 0.576412 0.213377
0 0.532401 0.321116 0.813182 0.300306
1 0.498279 0.707395 0.983463 0.585209
1 0.541103 0.417775 0.767934 0.250497
1 0.511246 0.659523 0.547419 0.252722
0 0.475767 0.642467 0.951534 0.508296
0 0.522281 0.113018 0.826088 0.226036
0 0.815471 0.248057 0.369057 0.325431
0 0.867772 0.355922 0.264455 0.347758
0 0.547812 0.0821919 0.904376 0.164384
0 0.890544 0.764191 0.218912 0.317657
0 0.874427 0.743482 0.251146 0.247825
0 0.873597 0.806032 0.245968 0.378969
0 0.486669 0.34584 0.870355 0.414881
1 0.5 0.531535 1 0.853531
0 0.752403 0.512695 0.49448 0.668963
0 0.138784 0.773353 0.277569 0.200588
0 0.906014 0.479279 0.187972 0.382179
1 0.53358 0.366061 0.79915 0.28184
0 0.652712 0.377895 0.694576 0.436006
0 0.637432 0.846548 0.701943 0.306904
1 0.471349 0.408767 0.838974 0.324704
0 0.390554 0.433199 0.118491 0.0309744
1 0.520549 0.538096 0.136744 0.0953612
0 0.641849 0.428398 0.104945 0.0320345
1 0.184368 0.500725 0.0857293 0.105653
1 0.827638 0.492096 0.089932 0.10973
0 0.438679 0.514823 0.104262 0.0390945
0 0.602571 0.481153 0.0453813 0.0298537
0 0.52346 0.606055 0.272421 0.0563968
0 0.532007 0.504604 0.166304 0.0870124
1 0.439741 0.498372 0.104839 0.0675994
1 0.878546 0.370088 0.112772 0.124053
1 0.492546 0.519983 0.191559 0.124808
1 0.640904 0.408607 0.107183 0.0667075
1 0.391866 0.411101 0.115971 0.0618966
1 0.13304 0.382564 0.179763 0.0758897
0 0.603733 0.471896 0.0459658 0.0527364
1 0.390767 0.429508 0.119512 0.0408157
1 0.643762 0.428122 0.105202 0.034238
1 0.162008 0.429702 0.132138 0.149357
0 0.524778 0.558529 0.270129 0.133092
1 0.137061 0.423053 0.179516 0.159187
0 0.397055 0.514584 0.197556 0.0392969
0 0.393184 0.41443 0.125348 0.0748383
0 0.129103 0.382822 0.172192 0.0764626
0 0.449532 0.604201 0.136267 0.052468
1 0.873398 0.349147 0.127533 0.146413
1 0.166859 0.230475 0.106398 0.0945229
0 0.511652 0.577419 0.254079 0.104931
0 0.522363 0.540943 0.154352 0.0909887
0 0.583957 0.47657 0.077835 0.0589904
0 0.586244 0.506982 0.167119 0.0583448
0 0.487393 0.537938 0.205395 0.0826664
1 0.182395 0.451609 0.112021 0.204734
1 0.173422 0.219261 0.0908521 0.0942015
0 0.875522 0.382185 0.119211 0.105069
0 0.865714 0.876167 0.243769 0.143305
1 0.539108 0.54538 0.24573 0.109916
0 0.6522 0.413626 0.125417 0.0614104
1 0.151699 0.362139 0.182355 0.122651
0 0.824771 0.496924 0.0878778 0.103704
0 0.495249 0.268224 0.105509 0.0647626
0 0.638642 0.44651 0.10691 0.0684616
1 0.781574 0.908438 0.413581 0.183124
0 0.183979 0.510401 0.0893221 0.130072
0 0.546704 0.536594 0.230325 0.0939035
1 0.508879 0.24261 0.137517 0.0597175
1 0.632136 0.361838 0.11168 0.0649875
0 0.192262 0.23614 0.156426 0.133081
1 0.219048 0.489318 0.158064 0.12505
0 0.378204 0.515241 0.269489 0.0572342
1 0.819152 0.472318 0.107629 0.118022
1 0.163371 0.249561 0.114619 0.119258
0 0.388483 0.427973 0.134933 0.0412908
1 0.499167 0.252797 0.112199 0.0607438
0 0.147025 0.343815 0.196433 0.162394
1 0.131952 0.334865 0.16624 0.0825462
1 0.409573 0.49145 0.170415 0.0783384
1 0.402757 0.463448 0.150547 0.0917275
1 0.858261 0.440179 0.15379 0.213975
1 0.188899 0.250064 0.15829 0.125321
0 0.716459 0.444097 0.314852 0.19008
0 0.332994 0.516543 0.324599 0.0646251
0 0.161046 0.261955 0.108586 0.101203
1 0.135604 0.339677 0.173691 0.136756
1 0.159887 0.376641 0.151242 0.10248
1 0.501267 0.915052 0.218584 0.166387
0 0.648154 0.465754 0.175088 0.111262
1 0.321967 0.490444 0.353397 0.138725
1 0.193648 0.212903 0.145771 0.118767
1 0.505251 0.231852 0.174397 0.0790955
0 0.212664 0.489924 0.148805 0.127287
0 0.46841 0.4402 0.301666 0.0491097
1 0.636226 0.399771 0.122254 0.0903754
0 0.861123 0.372935 0.146831 0.126866
0 0.507147 0.235253 0.187972 0.135041
0 0.58841 0.287506 0.118307 0.0315255
0 0.547402 0.276828 0.221653 0.058689
0 0.656858 0.398738 0.131562 0.0858866
0 0.379997 0.565503 0.27609 0.157
1 0.519257 0.703193 0.284638 0.156652
1 0.671127 0.490037 0.408013 0.110187
1 0.323289 0.467197 0.284121 0.100191
1 0.685229 0.927018 0.228052 0.144326
1 0.212516 0.199722 0.177021 0.156477
0 0.450894 0.519576 0.132207 0.0474154
0 0.673923 0.479265 0.407445 0.133336
0 0.310421 0.336324 0.357168 0.174796
1 0.482959 0.481707 0.28722 0.101048
0 0.596024 0.453104 0.18675 0.0802695
0 0.55678 0.239074 0.292226 0.147971
1 0.396762 0.450486 0.135835 0.0644967
0 0.296172 0.477234 0.323869 0.150684
0 0.510506 0.263795 0.13327 0.0820129
0 0.643763 0.484858 0.207712 0.0975407
0 0.890618 0.369145 0.0912254 0.132096
1 0.175511 0.486045 0.103823 0.128356
0 0.329086 0.307329 0.0804058 0.0578042
0 0.431594 0.206347 0.129164 0.0667785
0 0.377558 0.477658 0.229208 0.102935
0 0.394921 0.45025 0.145643 0.0657524
0 0.521524 0.242775 0.291012 0.10566
1 0.220332 0.2233 0.198563 0.168859
1 0.718013 0.619308 0.126632 0.10625
1 0.763648 0.866299 0.454702 0.233712
0 0.441431 0.213853 0.147804 0.0923014
0 0.165134 0.295523 0.110605 0.0938809
0 0.505269 0.286936 0.116958 0.0821773
0 0.484699 0.216668 0.176382 0.0864315
0 0.55642 0.252288 0.255682 0.0883209
0 0.838799 0.888182 0.302111 0.183947
0 0.302577 0.285882 0.260892 0.0786744
1 0.550968 0.676389 0.381207 0.210782
1 0.504022 0.213068 0.259601 0.125083
0 0.126614 0.411408 0.169341 0.14333
1 0.322792 0.283085 0.097305 0.0597019
0 0.457684 0.459558 0.361063 0.0956451
1 0.331325 0.411204 0.552437 0.265124
0 0.547608 0.629645 0.204008 0.0838402
0 0.515236 0.146127 0.239375 0.086612
1 0.877776 0.74346 0.236458 0.178799
1 0.862666 0.322465 0.156737 0.198638
0 0.557381 0.293864 0.245381 0.0634395
0 0.684499 0.490635 0.280353 0.0962643
0 0.504854 0.156605 0.298505 0.0810387
0 0.54589 0.266229 0.184668 0.0816031
0 0.875243 0.744322 0.236873 0.17848
0 0.192329 0.32294 0.135669 0.117721
0 0.536855 0.139495 0.229574 0.0698521
0 0.328399 0.335696 0.0646018 0.0455742
1 0.703095 0.911228 0.296671 0.176861
0 0.536743 0.175745 0.356336 0.1124
0 0.515972 0.693886 0.294015 0.176899
1 0.875059 0.654793 0.242164 0.252597
0 0.156215 0.289447 0.12402 0.139645
0 0.85898 0.393419 0.152004 0.119863
1 0.382179 0.482189 0.506583 0.147837
0 0.1891 0.260504 0.141675 0.105572
0 0.514794 0.71313 0.258153 0.141398
0 0.18546 0.959289 0.334214 0.0814213
0 0.217195 0.257304 0.203342 0.124435
1 0.553238 0.907564 0.307078 0.184872
1 0.368673 0.380723 0.179601 0.136348
1 0.245202 0.198472 0.241345 0.179077
0 0.320771 0.224347 0.402014 0.168997
1 0.120797 0.351116 0.143737 0.112491
0 0.590265 0.299185 0.134846 0.0481367
0 0.536177 0.157517 0.291467 0.062244
0 0.234368 0.32773 0.253859 0.193325
0 0.387045 0.599881 0.272658 0.260681
0 0.559964 0.197862 0.131233 0.0560412
1 0.445541 0.203518 0.115924 0.0691378
0 0.546955 0.212275 0.312938 0.147462
0 0.170148 0.971654 0.303271 0.0566914
0 0.856331 0.347523 0.161334 0.16458
0 0.445081 0.232134 0.285996 0.132624
0 0.554709 0.171403 0.223281 0.0807242
1 0.499981 0.204081 0.170328 0.0727437
0 0.259383 0.97533 0.474789 0.0493395
0 0.536258 0.427246 0.325828 0.0586176
1 0.522017 0.864426 0.284606 0.266563
0 0.652548 0.506547 0.4362 0.170672
0 0.354154 0.491549 0.270515 0.0945637
0 0.221589 0.339933 0.200705 0.160046
0 0.223488 0.302546 0.204606 0.114884
1 0.794314 0.833634 0.374271 0.245213
0 0.527313 0.245287 0.15872 0.0977956
0 0.527796 0.280268 0.352897 0.05922
1 0.61768 0.578384 0.397768 0.178343
0 0.531462 0.263393 0.535548 0.170621
0 0.315342 0.982951 0.554837 0.0340979
0 0.445478 0.202483 0.19893 0.106516
0 0.582005 0.187721 0.462048 0.0989513
0 0.138573 0.305105 0.144636 0.123853
0 0.471487 0.200786 0.227669 0.124444
0 0.315984 0.52416 0.392717 0.102378
0 0.53624 0.15217 0.212775 0.056166
0 0.413481 0.222876 0.583014 0.15879
0 0.488179 0.242418 0.458542 0.199127
1 0.734776 0.823403 0.492814 0.277677
0 0.584862 0.216892 0.337362 0.121421
1 0.578244 0.0606348 0.529636 0.12127
1 0.531446 0.0561577 0.380717 0.108315
0 0.472157 0.192479 0.5084 0.12731
1 0.482879 0.0497214 0.321448 0.0959523
1 0.669412 0.0976643 0.326034 0.179364
0 0.856955 0.927258 0.273422 0.143863
1 0.471953 0.544796 0.204724 0.108412
0 0.580804 0.293736 0.390722 0.100131
0 0.603294 0.52105 0.342251 0.0997687
0 0.381543 0.209398 0.287551 0.135694
0 0.462122 0.16064 0.21747 0.066744
1 0.353592 0.304906 0.14616 0.066559
0 0.652247 0.21625 0.438794 0.154016
0 0.533991 0.622692 0.22674 0.110651
1 0.332813 0.925094 0.339682 0.146807
0 0.496941 0.406422 0.399338 0.107609
0 0.569773 0.196036 0.259747 0.0577988
0 0.536568 0.640412 0.228052 0.0662998
1 0.198348 0.356452 0.146994 0.133912
1 0.384999 0.284263 0.225101 0.0797429
1 0.327992 0.909505 0.415877 0.180346
1 0.284555 0.188274 0.316101 0.192458
1 0.367687 0.391672 0.174432 0.0928697
0 0.612757 0.201378 0.452753 0.129573
