1 0.476195 0.56872 0.0670393 0.0935511
0 0.535166 0.511091 0.0541374 0.0288953
0 0.424287 0.492555 0.056743 0.0305382
1 0.4758 0.568785 0.0672116 0.0943878
0 0.535679 0.511285 0.0552931 0.0287046
0 0.424499 0.492956 0.0555409 0.0319015
1 0.476122 0.569325 0.0672432 0.0919772
0 0.535954 0.511202 0.0549221 0.0284821
0 0.425269 0.4924 0.0565105 0.0318615
1 0.476484 0.569816 0.0670082 0.0912768
0 0.537165 0.511196 0.0558875 0.0285703
0 0.424826 0.492883 0.058021 0.032078
1 0.476229 0.568995 0.0672104 0.0925547
0 0.537877 0.511554 0.0577951 0.0278566
0 0.424952 0.492126 0.0561869 0.0312543
1 0.476477 0.568586 0.0670789 0.0938067
0 0.536081 0.512361 0.05603 0.0265513
0 0.424669 0.493058 0.0545975 0.0285385
1 0.476212 0.568676 0.0669222 0.0920965
0 0.536251 0.513025 0.055414 0.0261726
0 0.42477 0.493104 0.0563446 0.0275373
1 0.475914 0.570042 0.0671787 0.0898958
0 0.535375 0.51317 0.0538937 0.0259743
0 0.424118 0.494387 0.053666 0.0286545
1 0.475797 0.570324 0.0667116 0.0902847
0 0.535597 0.512921 0.0550018 0.0261346
0 0.423886 0.494308 0.0541973 0.0287226
1 0.475646 0.570364 0.0671923 0.0905097
0 0.534373 0.512195 0.0539448 0.0264824
0 0.423688 0.493961 0.0561777 0.0287537
1 0.475906 0.569738 0.0669348 0.0912735
0 0.535545 0.512675 0.055434 0.0263395
0 0.422971 0.494044 0.0541942 0.0273641
1 0.476203 0.569019 0.0671949 0.0913935
0 0.534874 0.512654 0.0526382 0.0262939
0 0.424564 0.493676 0.056201 0.0282941
1 0.47659 0.568958 0.0672553 0.0914782
0 0.535674 0.512964 0.0533455 0.0261594
0 0.424678 0.494016 0.056643 0.0305323
1 0.483597 0.565605 0.0683262 0.0899776
0 0.429559 0.49276 0.0522738 0.0283184
0 0.540803 0.512968 0.0481247 0.0254946
1 0.48503 0.564564 0.0683345 0.0937447
0 0.432261 0.492222 0.0542517 0.0286034
0 0.543362 0.512999 0.0524382 0.025957
1 0.493978 0.568103 0.0686985 0.090572
0 0.550512 0.51416 0.0483593 0.0258603
0 0.442892 0.492011 0.0552526 0.0301636
1 0.496863 0.569001 0.067909 0.091687
0 0.553546 0.516073 0.0518108 0.0270376
0 0.44437 0.492273 0.0532473 0.0320538
1 0.505948 0.566458 0.0701305 0.0929075
0 0.453219 0.49043 0.0552228 0.031014
0 0.560967 0.517415 0.0475277 0.0276442
1 0.510146 0.566735 0.0694838 0.0894058
0 0.456457 0.490286 0.0543943 0.0317357
0 0.562798 0.51721 0.0494398 0.0298838
1 0.515788 0.56689 0.0679047 0.0922274
0 0.570752 0.519134 0.0445194 0.0253265
0 0.463998 0.489989 0.0563007 0.0317394
1 0.516297 0.564694 0.0683533 0.0978523
1 0.517655 0.565391 0.0667421 0.0943156
1 0.514429 0.567542 0.0696946 0.0900782
0 0.567642 0.521368 0.0428686 0.0217182
0 0.461689 0.492452 0.0502966 0.027938
1 0.512313 0.566297 0.0706953 0.0898284
0 0.566465 0.519737 0.0428101 0.0239179
0 0.459342 0.490986 0.0496014 0.0266805
1 0.498504 0.56614 0.0687027 0.0919563
0 0.555367 0.515278 0.0514148 0.0261197
0 0.445261 0.490433 0.0506929 0.0313301
1 0.494864 0.56457 0.0687133 0.0915718
0 0.552592 0.515699 0.0480995 0.0254484
0 0.442854 0.490243 0.0519196 0.0299662
1 0.479679 0.564138 0.0677782 0.0902344
0 0.428932 0.48999 0.053178 0.0284981
0 0.539681 0.509721 0.0503069 0.0265007
1 0.476106 0.56348 0.0671191 0.0931984
0 0.538416 0.508394 0.0559225 0.025898
0 0.424286 0.489258 0.052314 0.0270306
1 0.465989 0.559957 0.0682221 0.0931049
0 0.525778 0.506202 0.0557262 0.0271697
0 0.412393 0.490159 0.0534286 0.0284584
1 0.464024 0.559089 0.0665941 0.0908089
0 0.524691 0.504748 0.0568025 0.0266516
0 0.411232 0.489963 0.0546533 0.0280263
1 0.456274 0.555545 0.0677093 0.0974223
1 0.454582 0.557057 0.0699596 0.101157
1 0.453401 0.557333 0.0686006 0.0943345
1 0.451923 0.558961 0.0694288 0.0930349
0 0.511731 0.502467 0.0521401 0.0253558
0 0.396301 0.492867 0.0456473 0.0227468
1 0.452342 0.557033 0.0675568 0.0923546
0 0.510634 0.500009 0.0537324 0.0290194
0 0.396958 0.490691 0.050839 0.0285291
1 0.451986 0.558008 0.0669429 0.0919151
0 0.510908 0.49971 0.0547869 0.0284922
0 0.397647 0.49038 0.0497941 0.028227
1 0.456233 0.557131 0.0683594 0.0968755
0 0.515373 0.499682 0.0541819 0.0291837
0 0.403516 0.490167 0.0534442 0.0280056
1 0.459972 0.556829 0.0673233 0.0937533
0 0.404024 0.489956 0.0521383 0.0282247
0 0.517138 0.500905 0.0537046 0.0287786
1 0.470953 0.558237 0.0671557 0.0958013
0 0.526877 0.501957 0.0520976 0.0280202
0 0.414979 0.489514 0.0550162 0.0294629
1 0.473007 0.559543 0.0673028 0.0889158
0 0.528751 0.502211 0.0499081 0.0280938
0 0.416689 0.489686 0.0546623 0.0313908
1 0.473007 0.559543 0.0673028 0.0889158
0 0.528751 0.502211 0.0499081 0.0280938
0 0.416689 0.489686 0.0546623 0.0313908
1 0.483398 0.559658 0.0683707 0.0900927
0 0.426989 0.488774 0.0569381 0.0299773
0 0.538755 0.503664 0.049552 0.0275641
1 0.488841 0.559928 0.0663139 0.0895373
0 0.543819 0.504642 0.0497404 0.0267192
0 0.43217 0.487733 0.0548141 0.0291906
1 0.48944 0.559125 0.067335 0.0925535
0 0.432944 0.487688 0.0545549 0.0291875
0 0.543431 0.504358 0.0495771 0.0269295
1 0.490319 0.56098 0.0689428 0.0917884
0 0.545302 0.505338 0.0501949 0.0270655
0 0.434233 0.487643 0.052544 0.0294426
1 0.489974 0.56108 0.068213 0.0942429
0 0.544154 0.505218 0.0493656 0.0280235
0 0.434505 0.488145 0.05432 0.0296702
1 0.490157 0.561795 0.0678933 0.0903201
0 0.435552 0.488859 0.054537 0.0300341
0 0.545006 0.505891 0.050725 0.0288696
1 0.488979 0.561538 0.0664705 0.0878827
0 0.433405 0.488283 0.0534834 0.0303505
0 0.544953 0.505871 0.0512098 0.0285487
1 0.488009 0.562581 0.0652737 0.0901891
0 0.431838 0.488584 0.0545082 0.029302
0 0.544 0.505655 0.0505049 0.0282483
1 0.485367 0.564882 0.0672928 0.089017
0 0.431481 0.489359 0.0531832 0.030099
0 0.542924 0.505994 0.0517046 0.0282852
1 0.484905 0.562907 0.0679461 0.0905192
0 0.430215 0.489402 0.0530169 0.0293065
0 0.541552 0.507512 0.0516352 0.0299858
1 0.478392 0.565611 0.0687771 0.0899096
0 0.535582 0.510425 0.0525572 0.0245143
0 0.424249 0.493577 0.0535703 0.0273083
1 0.478482 0.565969 0.0687322 0.0904551
0 0.534501 0.509688 0.0501726 0.0239558
0 0.423915 0.492741 0.0559257 0.0269569
1 0.47199 0.564626 0.0681583 0.0889908
0 0.533147 0.509812 0.0503351 0.0245625
0 0.421763 0.49185 0.0536806 0.0276079
1 0.471973 0.564937 0.0684413 0.0882563
0 0.532756 0.509991 0.0510195 0.0252769
0 0.42106 0.491901 0.05336 0.0284307
1 0.471177 0.562852 0.0671211 0.0879228
0 0.531645 0.510182 0.0550952 0.0257749
0 0.41844 0.491834 0.0541118 0.026988
1 0.47082 0.563494 0.0676517 0.0885451
0 0.53147 0.509324 0.0529003 0.0250726
0 0.41828 0.491364 0.0551259 0.0275768
1 0.469948 0.563925 0.067412 0.0867643
0 0.531937 0.509518 0.0541607 0.0256365
0 0.417309 0.490865 0.0537103 0.0282654
1 0.470151 0.564059 0.0670941 0.0901955
0 0.531121 0.50929 0.054759 0.0267306
0 0.417468 0.491264 0.0537661 0.0278613
1 0.469625 0.56435 0.0672199 0.0925456
0 0.531067 0.508828 0.0539095 0.0263046
0 0.417016 0.490696 0.0533744 0.0270665
1 0.470006 0.564756 0.0678597 0.0908357
0 0.530992 0.508811 0.0537737 0.025953
0 0.416389 0.490257 0.0536563 0.0275337
1 0.470372 0.56487 0.0675771 0.0889041
0 0.530415 0.508879 0.0546934 0.0255394
0 0.417286 0.490753 0.053047 0.0271212
1 0.47037 0.56343 0.0672193 0.0896695
0 0.531558 0.508653 0.0551649 0.0258219
0 0.4172 0.490649 0.0545667 0.0285374
1 0.472044 0.56492 0.0677192 0.0911657
0 0.532846 0.508732 0.052 0.02459
0 0.41799 0.490448 0.0536402 0.027666
1 0.47268 0.562484 0.0669996 0.0917038
0 0.533475 0.509115 0.0512917 0.0248206
0 0.419336 0.489495 0.0532855 0.0272233
1 0.475133 0.56422 0.0689144 0.094617
0 0.53424 0.508657 0.0517365 0.024482
0 0.421426 0.489851 0.0559715 0.0278283
1 0.476021 0.56381 0.0681683 0.095002
0 0.534223 0.508842 0.050066 0.0236835
0 0.421332 0.489492 0.0533896 0.025872
1 0.478236 0.56394 0.0686888 0.0922207
0 0.537538 0.508864 0.0531612 0.0251008
0 0.424508 0.490304 0.0545304 0.0275152
1 0.47938 0.565058 0.0698694 0.0907138
0 0.538241 0.509606 0.0526823 0.0247838
0 0.42474 0.490206 0.0564562 0.0272923
1 0.480362 0.56478 0.0684204 0.0892127
0 0.538139 0.510056 0.0507246 0.0251615
0 0.425999 0.491044 0.0562556 0.0293578
1 0.474243 0.566727 0.0675514 0.0809169
0 0.532908 0.51639 0.0516447 0.0236722
0 0.421757 0.497881 0.0479088 0.0238307
1 0.472534 0.559144 0.0699289 0.0899732
1 0.468772 0.564343 0.0685093 0.0913099
0 0.526299 0.513957 0.0530557 0.0264694
0 0.417045 0.497131 0.0533757 0.0273348
1 0.470763 0.563637 0.0700014 0.0898464
0 0.527675 0.518299 0.0506064 0.0194753
0 0.418723 0.501649 0.0517365 0.023617
1 0.460375 0.607307 0.0628078 0.0869199
0 0.514306 0.565311 0.0481022 0.0248447
0 0.412535 0.552989 0.0441953 0.0252861
1 0.448378 0.618806 0.0657886 0.0849553
0 0.506673 0.569468 0.0490324 0.0250956
0 0.402136 0.554551 0.0454063 0.025979
1 0.452965 0.621085 0.063431 0.0873451
0 0.50903 0.571768 0.0486877 0.025607
0 0.407586 0.558639 0.0477136 0.0237761
1 0.462216 0.61795 0.0645829 0.0885623
0 0.517458 0.570731 0.045837 0.0252757
0 0.413629 0.554959 0.04177 0.0273547
1 0.476929 0.619896 0.0646705 0.0883521
0 0.533939 0.572108 0.047986 0.0252441
0 0.430013 0.554985 0.0487916 0.0273309
1 0.497065 0.626776 0.0646666 0.0861315
0 0.55175 0.572558 0.0452064 0.0239525
0 0.444897 0.556144 0.0447262 0.025688
1 0.463238 0.629081 0.0666601 0.0918634
1 0.463037 0.629448 0.0660021 0.0890535
0 0.516344 0.580219 0.0507517 0.021833
1 0.463434 0.628495 0.0662157 0.0880656
0 0.515691 0.579173 0.0450996 0.0213303
0 0.41425 0.564337 0.0425343 0.0170664
1 0.462594 0.629403 0.0658531 0.0855581
0 0.515484 0.578206 0.0479096 0.0219766
0 0.415917 0.564769 0.0461481 0.0212845
1 0.46299 0.629531 0.0658996 0.0845039
0 0.518278 0.578551 0.0479092 0.0230392
0 0.414801 0.563976 0.0470718 0.0206646
1 0.463082 0.628224 0.0654861 0.0857274
0 0.516567 0.576287 0.0467218 0.0235774
0 0.414007 0.561715 0.0487245 0.0235306
1 0.46292 0.628863 0.0651073 0.0851601
0 0.516712 0.575675 0.048035 0.024328
0 0.414337 0.560328 0.049737 0.0243678
1 0.463129 0.626816 0.0655445 0.0867648
0 0.517527 0.574275 0.0479696 0.0247388
0 0.413641 0.559568 0.0480025 0.0257898
1 0.462853 0.626915 0.0678753 0.0885984
0 0.51753 0.574211 0.0485807 0.025216
0 0.413376 0.559295 0.049008 0.0255023
1 0.463086 0.628093 0.0661456 0.0853643
0 0.517855 0.57483 0.049239 0.0257348
0 0.413756 0.559299 0.0508698 0.0262555
1 0.463022 0.628033 0.0659181 0.085143
0 0.517279 0.5749 0.0473942 0.0242861
0 0.414606 0.559231 0.0513506 0.0255867
1 0.463572 0.6286 0.0658712 0.0846414
0 0.518444 0.574991 0.0488842 0.0253126
0 0.415105 0.558324 0.0503303 0.027341
1 0.463505 0.629944 0.0662722 0.0822598
0 0.518141 0.575077 0.0494027 0.0258771
0 0.415327 0.558498 0.051011 0.0267998
1 0.463646 0.628072 0.0651405 0.0861397
0 0.517475 0.574948 0.0506796 0.0248563
0 0.414696 0.55846 0.0517666 0.0271027
1 0.463397 0.630449 0.0662418 0.0850281
0 0.518269 0.574403 0.0491037 0.026518
0 0.413778 0.558106 0.0504684 0.0283033
1 0.463424 0.627898 0.0650595 0.0864975
0 0.51814 0.573841 0.0510562 0.0268857
0 0.414978 0.557664 0.0530484 0.0287928
1 0.463825 0.628132 0.0655406 0.0852238
0 0.516892 0.573291 0.0503229 0.027181
0 0.413771 0.557122 0.0499984 0.0289767
1 0.463523 0.627841 0.0650827 0.0863457
0 0.517507 0.572963 0.0493967 0.0259567
0 0.41394 0.556922 0.0504524 0.0291316
1 0.463329 0.628071 0.0655584 0.0835494
0 0.51801 0.572038 0.050695 0.0264071
0 0.41375 0.556315 0.050284 0.0291331
1 0.463456 0.627751 0.0651527 0.0842575
0 0.518178 0.572289 0.050161 0.0262538
0 0.414892 0.557056 0.0514216 0.0288996
1 0.463629 0.629731 0.0645717 0.0838099
0 0.51826 0.572918 0.0490051 0.0248444
0 0.414485 0.556866 0.0492225 0.0278158
1 0.463858 0.628283 0.065288 0.0853383
0 0.518708 0.572553 0.0512387 0.0257543
0 0.414034 0.557246 0.0474649 0.0282445
1 0.463786 0.627245 0.0650582 0.084889
0 0.518538 0.572232 0.0494527 0.0251198
0 0.414601 0.556652 0.0482262 0.027457
1 0.463857 0.627034 0.0646974 0.0838544
0 0.519088 0.572821 0.0510216 0.0255656
0 0.416417 0.557524 0.0504279 0.0267797
1 0.46389 0.627658 0.0647587 0.0838914
0 0.518925 0.572063 0.050321 0.0253858
0 0.415786 0.557304 0.0482068 0.027518
1 0.463669 0.626249 0.0651114 0.0855532
0 0.518333 0.572405 0.050049 0.0254115
0 0.41447 0.556707 0.0481931 0.0285376
1 0.464085 0.627284 0.0660471 0.0868412
0 0.518559 0.572562 0.0504081 0.0264186
0 0.414576 0.556699 0.0483065 0.0271656
1 0.463578 0.626453 0.0657923 0.0861837
0 0.51873 0.572328 0.0508335 0.026548
0 0.414339 0.556653 0.048871 0.0280265
1 0.463971 0.627065 0.066301 0.0836658
0 0.517628 0.572481 0.0498192 0.0261482
0 0.413369 0.556664 0.0491491 0.0280319
1 0.463071 0.628355 0.0652562 0.0838305
0 0.51757 0.572364 0.049091 0.025423
0 0.41409 0.556809 0.0494 0.0276975
1 0.463237 0.627125 0.0660431 0.0863327
0 0.518038 0.5727 0.0508395 0.0266741
0 0.41411 0.556915 0.0491018 0.028967
1 0.463319 0.62777 0.0660067 0.0828265
0 0.517938 0.571954 0.0493486 0.0257797
0 0.414444 0.557247 0.050855 0.029214
1 0.463344 0.627115 0.0657719 0.0840937
0 0.517547 0.572489 0.0498597 0.0265241
0 0.414665 0.557396 0.049937 0.028421
1 0.463482 0.62748 0.0657054 0.0836751
0 0.517526 0.572115 0.0504691 0.0263354
0 0.414036 0.557371 0.0492901 0.0286102
1 0.463584 0.627972 0.0655058 0.0830778
0 0.517213 0.572543 0.0482933 0.0259043
0 0.414319 0.557278 0.0519392 0.0284393
1 0.463523 0.626276 0.0658678 0.0856139
0 0.517779 0.572739 0.0505102 0.0271065
0 0.41412 0.557137 0.0497828 0.028382
1 0.463557 0.627425 0.0659033 0.0843259
0 0.516975 0.573013 0.0489439 0.026398
0 0.413921 0.557362 0.0498744 0.0282973
1 0.463472 0.627687 0.0654935 0.0846505
0 0.517606 0.572467 0.048885 0.026263
0 0.414169 0.557028 0.049862 0.028302
1 0.463628 0.626647 0.0657974 0.0847315
1 0.463514 0.625863 0.0661804 0.0874402
1 0.463767 0.626062 0.0656921 0.0864583
0 0.513611 0.575376 0.0425079 0.0186521
1 0.462931 0.6257 0.0646479 0.0846359
0 0.51418 0.573855 0.0443485 0.0216482
0 0.412243 0.56007 0.0425443 0.0197187
1 0.46342 0.625032 0.0651583 0.0870112
0 0.51647 0.572549 0.0466181 0.0236471
0 0.412027 0.55785 0.0463134 0.0244588
1 0.462965 0.625548 0.0647491 0.0842445
0 0.515943 0.572681 0.0482767 0.0239037
0 0.412143 0.558658 0.0446259 0.0235001
1 0.462536 0.625081 0.0642456 0.0867935
0 0.516449 0.572552 0.0479666 0.0239951
0 0.413109 0.557798 0.0463866 0.0261482
1 0.462984 0.625459 0.0646174 0.0862129
0 0.51701 0.571522 0.0488702 0.0246618
0 0.414629 0.557352 0.0446584 0.0259991
1 0.462984 0.625459 0.0646174 0.0862129
0 0.51701 0.571522 0.0488702 0.0246618
0 0.414629 0.557352 0.0446584 0.0259991
1 0.462923 0.625189 0.064081 0.0877917
0 0.517438 0.571563 0.0490648 0.0245064
0 0.413324 0.556738 0.0458758 0.0265497
1 0.463718 0.626225 0.0653463 0.0839133
0 0.517651 0.571098 0.0495764 0.0251414
0 0.414577 0.556707 0.0484903 0.0276997
1 0.462843 0.625486 0.0641148 0.0851697
0 0.517935 0.571049 0.0488575 0.0249026
0 0.413449 0.556533 0.0474025 0.0277128
1 0.463222 0.62551 0.0644303 0.0870049
0 0.517659 0.571287 0.0504681 0.0258668
0 0.413024 0.555985 0.0494316 0.0273125
1 0.463222 0.62551 0.0644303 0.0870049
0 0.517659 0.571287 0.0504681 0.0258668
0 0.413024 0.555985 0.0494316 0.0273125
1 0.463087 0.625492 0.0644526 0.0862256
0 0.517084 0.570853 0.0501951 0.0254341
0 0.41324 0.556553 0.0516947 0.0308523
1 0.461515 0.624635 0.064562 0.0874312
0 0.51551 0.570653 0.0484436 0.0258636
0 0.410532 0.555075 0.0491903 0.0269094
1 0.461341 0.623807 0.0653112 0.0890125
0 0.515006 0.570557 0.0496052 0.0261191
0 0.411096 0.555351 0.0504054 0.0282094
1 0.460924 0.62388 0.0654193 0.0872309
0 0.515506 0.570033 0.0504799 0.0262974
0 0.410397 0.554981 0.0493865 0.0283765
1 0.460924 0.62388 0.0654193 0.0872309
0 0.515506 0.570033 0.0504799 0.0262974
0 0.410397 0.554981 0.0493865 0.0283765
1 0.461641 0.623247 0.0645222 0.0875533
0 0.515723 0.56929 0.0493103 0.0276492
0 0.412303 0.55519 0.051968 0.0297841
1 0.462047 0.623773 0.0639828 0.0870049
0 0.516425 0.569621 0.0518608 0.0264547
0 0.411605 0.554794 0.050461 0.0287223
1 0.462162 0.624067 0.0640833 0.0872758
0 0.516696 0.569555 0.0507381 0.0267222
0 0.412037 0.554788 0.0502641 0.0293616
1 0.462411 0.625351 0.0641365 0.0867666
0 0.516028 0.569529 0.0509771 0.0273621
0 0.412844 0.554792 0.0507797 0.0293087
1 0.462534 0.62475 0.0645622 0.0880056
0 0.516589 0.569482 0.0508136 0.0270048
0 0.412758 0.554818 0.0486498 0.0281891
1 0.462438 0.624635 0.0638771 0.0866206
0 0.5168 0.572697 0.0529174 0.0257937
0 0.412324 0.557653 0.0433099 0.0261731
1 0.462873 0.624556 0.0650062 0.0875623
0 0.516321 0.573233 0.0498683 0.0248924
0 0.412677 0.558607 0.0459041 0.0248049
1 0.462239 0.623719 0.0640451 0.0887355
0 0.516207 0.572916 0.0506155 0.0251111
0 0.412675 0.558332 0.0444468 0.0242035
1 0.462059 0.624135 0.0639437 0.08708
0 0.515812 0.574254 0.0481065 0.023856
0 0.411465 0.559535 0.0476082 0.024176
1 0.462662 0.624776 0.0643398 0.0866489
0 0.517225 0.574601 0.0489962 0.02251
1 0.464117 0.625062 0.0667431 0.0849042
0 0.518709 0.573012 0.046058 0.0225137
0 0.414049 0.558623 0.0421017 0.0234751
1 0.425278 0.639046 0.0627172 0.0888401
0 0.481665 0.580142 0.0516417 0.0270284
0 0.376477 0.569289 0.0471213 0.0306441
1 0.425346 0.63999 0.0625168 0.0876386
0 0.481429 0.580143 0.0525181 0.0276784
0 0.376397 0.568583 0.046944 0.0295357
1 0.425351 0.640217 0.0623821 0.0881554
0 0.481472 0.580237 0.0519341 0.0277044
0 0.376397 0.568358 0.0473613 0.0291359
1 0.425005 0.639783 0.0622705 0.088709
0 0.481351 0.580132 0.0520987 0.0266576
0 0.375759 0.568471 0.0475248 0.02904
1 0.424747 0.640683 0.0618215 0.0866966
0 0.481292 0.580412 0.0521257 0.0269499
0 0.375596 0.568492 0.0489515 0.0297478
1 0.424756 0.639432 0.0617369 0.0881124
0 0.480445 0.580726 0.0517759 0.0270337
0 0.376514 0.569056 0.0496512 0.0306803
1 0.424935 0.640055 0.0625922 0.0877124
0 0.480549 0.58121 0.0521164 0.0271468
0 0.375282 0.568734 0.0482906 0.0296351
1 0.424734 0.641229 0.0617149 0.0865823
0 0.375647 0.569597 0.0475861 0.0291875
0 0.480204 0.580961 0.0525869 0.0265773
1 0.424496 0.640225 0.0618104 0.0871854
0 0.480417 0.581036 0.052277 0.0262655
0 0.375649 0.570763 0.0470378 0.0299507
1 0.424574 0.640335 0.0619196 0.086749
0 0.480594 0.581528 0.0511548 0.0270437
0 0.376075 0.570429 0.0478971 0.0299091
1 0.424731 0.641114 0.0620488 0.085547
0 0.480758 0.58189 0.0514412 0.0274671
0 0.376334 0.570625 0.0497951 0.0288868
1 0.424738 0.639463 0.061979 0.0892932
0 0.481014 0.58198 0.0527138 0.0271093
0 0.375975 0.569681 0.0476453 0.0279241
1 0.425016 0.640414 0.0618492 0.0871498
0 0.480241 0.582397 0.0514707 0.0279405
0 0.376581 0.570251 0.0493328 0.029009
1 0.425677 0.631167 0.0621287 0.0878255
0 0.481368 0.575091 0.0482901 0.0271061
0 0.376479 0.563562 0.0471337 0.0270724
1 0.42866 0.62044 0.061582 0.0909327
0 0.484065 0.567999 0.0490755 0.0267433
0 0.379653 0.554566 0.0470493 0.0278837
1 0.427288 0.623545 0.0622177 0.0859726
0 0.482211 0.568993 0.0502588 0.0260918
0 0.378616 0.556129 0.0485661 0.0266843
1 0.424783 0.635188 0.0619353 0.085729
0 0.478858 0.576911 0.0505378 0.0275319
0 0.374683 0.566083 0.0466216 0.0280195
1 0.424706 0.626794 0.0604777 0.0857718
0 0.480583 0.570382 0.0501599 0.0268499
0 0.373969 0.558475 0.050403 0.0301699
1 0.429795 0.59348 0.0605818 0.0823915
0 0.48356 0.547952 0.0469741 0.0277944
0 0.383081 0.535364 0.0463325 0.0281041
1 0.432683 0.591902 0.0608555 0.0820217
0 0.486049 0.545931 0.0490613 0.0267025
0 0.384522 0.53089 0.0449076 0.0247833
1 0.431972 0.592276 0.061121 0.0825887
0 0.48449 0.546094 0.0483657 0.0262868
0 0.383818 0.5333 0.0466532 0.0264834
1 0.431754 0.593189 0.0610903 0.0815511
0 0.485304 0.546542 0.0476606 0.0265354
0 0.384523 0.533451 0.0474648 0.0269627
1 0.431222 0.593281 0.0621979 0.0844437
0 0.485148 0.546264 0.0492699 0.0271739
0 0.384411 0.533948 0.0478887 0.0282024
1 0.431895 0.593259 0.0611343 0.0820746
0 0.485562 0.546618 0.0479669 0.0262454
0 0.384053 0.534597 0.0482113 0.0275467
1 0.432926 0.594228 0.0604558 0.0808406
0 0.485011 0.545921 0.0483007 0.0261681
0 0.384389 0.535526 0.047712 0.0267517
1 0.433572 0.594464 0.0617669 0.078699
0 0.484054 0.545105 0.0452738 0.0253421
0 0.383115 0.536753 0.0495839 0.0282589
1 0.433289 0.592754 0.0613829 0.0837217
0 0.483958 0.544798 0.0467258 0.0255205
0 0.382405 0.536641 0.0501779 0.0279312
1 0.433586 0.593898 0.0619357 0.0789438
0 0.48346 0.544076 0.0473692 0.0238777
0 0.37983 0.537673 0.0480944 0.0267174
1 0.433621 0.594151 0.0616884 0.0827207
0 0.482566 0.543616 0.0464903 0.0233739
0 0.380485 0.538827 0.050264 0.0278559
1 0.433924 0.595203 0.0619984 0.0779518
0 0.482454 0.544347 0.0469585 0.0247383
0 0.379848 0.539211 0.0484052 0.0279221
1 0.435827 0.59449 0.0634302 0.0819321
0 0.48243 0.545295 0.0468556 0.0256788
0 0.380414 0.539685 0.0482214 0.0272736
1 0.437734 0.594741 0.0613316 0.0785475
0 0.484537 0.545655 0.0453401 0.0245867
0 0.382158 0.540157 0.0477142 0.0267766
1 0.439973 0.595817 0.0616887 0.079305
0 0.485605 0.546256 0.0465514 0.0250451
0 0.382726 0.54059 0.0476388 0.0261239
1 0.440173 0.596025 0.0613285 0.0806951
0 0.48576 0.545819 0.0455802 0.0249593
0 0.382817 0.540883 0.0458987 0.0242274
1 0.440359 0.596959 0.0603428 0.0808146
0 0.383198 0.540984 0.0483956 0.026768
0 0.486409 0.546397 0.0457285 0.0257296
1 0.433408 0.59779 0.0622253 0.077282
0 0.481805 0.547438 0.0465843 0.0239334
0 0.380533 0.540927 0.0463523 0.0256424
1 0.429929 0.598088 0.0605494 0.079966
0 0.480706 0.547279 0.0491499 0.0245646
0 0.377363 0.540317 0.0476362 0.0269073
1 0.419285 0.596993 0.0637689 0.0883734
0 0.473452 0.547669 0.051836 0.0258387
0 0.369647 0.539814 0.0472731 0.0270653
1 0.409908 0.599885 0.0644874 0.0856964
0 0.464976 0.548971 0.0504366 0.0259979
0 0.360412 0.539806 0.0451661 0.0258921
1 0.408254 0.600062 0.0624395 0.085685
0 0.464452 0.548373 0.0509047 0.0257378
0 0.358996 0.539944 0.0434083 0.0241384
1 0.402904 0.598416 0.0614617 0.084656
0 0.460446 0.549158 0.0571732 0.0267932
0 0.355817 0.539498 0.0418251 0.0239878
1 0.397697 0.6007 0.0627858 0.0862223
0 0.456015 0.549171 0.0529937 0.0251152
0 0.351773 0.539504 0.0418059 0.0258575
1 0.394214 0.599833 0.0631091 0.088118
0 0.450816 0.549376 0.0498011 0.0242994
0 0.348659 0.540537 0.0422005 0.0251748
1 0.393536 0.598788 0.0617136 0.0884542
0 0.450763 0.549218 0.0515217 0.0242891
0 0.348273 0.540672 0.0424167 0.0258689
1 0.394257 0.597975 0.0623652 0.0945803
0 0.348919 0.543492 0.0451541 0.0222734
0 0.45142 0.550685 0.0520493 0.0248586
1 0.401199 0.601357 0.064355 0.0847003
1 0.410825 0.599864 0.06418 0.0824674
0 0.359889 0.546423 0.0428647 0.0173566
0 0.461843 0.551869 0.0429918 0.0207664
1 0.412793 0.600599 0.0611147 0.0831169
0 0.466054 0.553301 0.042905 0.0232323
0 0.360004 0.546457 0.0395241 0.0179977
1 0.420219 0.602951 0.0630709 0.0819222
0 0.469448 0.552395 0.0423948 0.0225672
0 0.367243 0.547446 0.0450831 0.0209564
1 0.426604 0.604622 0.0627887 0.080847
0 0.476263 0.552389 0.0459609 0.022352
0 0.372956 0.545275 0.0430228 0.0218351
1 0.430702 0.603433 0.0608946 0.0782898
0 0.479825 0.55204 0.0451678 0.0227966
0 0.378217 0.545092 0.0465498 0.0228226
1 0.431357 0.603823 0.0608687 0.0791964
0 0.480858 0.55226 0.045722 0.0228373
0 0.378472 0.544773 0.0474851 0.0233201
1 0.431958 0.604649 0.0616014 0.0797216
0 0.48134 0.552733 0.0463545 0.0235171
0 0.379047 0.545846 0.0455478 0.0237813
1 0.431644 0.605148 0.0606396 0.0809472
0 0.480856 0.554143 0.0449494 0.0232062
0 0.37944 0.546679 0.047436 0.0242676
1 0.427493 0.608473 0.0622209 0.0759527
0 0.479094 0.554356 0.0455401 0.0240031
0 0.374886 0.54667 0.041532 0.0230971
1 0.426173 0.607553 0.063301 0.0784854
0 0.478023 0.55504 0.0438381 0.0230583
0 0.37492 0.547517 0.0424521 0.0234146
1 0.419375 0.608195 0.0626072 0.0833756
0 0.474162 0.555527 0.0478857 0.0229397
0 0.369956 0.547685 0.0454201 0.0216103
1 0.412159 0.607739 0.0631567 0.0800797
0 0.468098 0.555038 0.0488811 0.0243406
0 0.36275 0.547743 0.0453431 0.0211215
1 0.411411 0.608621 0.0626523 0.0822609
0 0.466647 0.555001 0.0471916 0.0244237
0 0.362146 0.547112 0.0444927 0.0228584
1 0.411459 0.607025 0.0622896 0.0830869
0 0.466048 0.555067 0.0482655 0.0247599
0 0.36183 0.547219 0.043434 0.0218903
1 0.411559 0.608722 0.0618419 0.0814209
0 0.46557 0.554798 0.048111 0.0249441
0 0.360862 0.54705 0.0428611 0.024214
1 0.412268 0.608321 0.062176 0.0837486
0 0.466726 0.554746 0.0483732 0.0248825
0 0.361689 0.547828 0.042913 0.0233546
1 0.412502 0.607183 0.06215 0.0829131
0 0.466857 0.554828 0.0472148 0.0246694
0 0.361765 0.547247 0.0418575 0.0229024
1 0.413019 0.60647 0.0625527 0.0865092
0 0.468378 0.554753 0.0491112 0.0245884
0 0.363162 0.547862 0.0424522 0.0246304
1 0.413295 0.607141 0.0633347 0.0836547
0 0.468338 0.555058 0.0478762 0.0243958
0 0.362264 0.548409 0.0422012 0.0242161
1 0.414608 0.607664 0.0622574 0.0846636
0 0.46913 0.556024 0.0475058 0.0243825
0 0.364192 0.548332 0.0430995 0.0232226
1 0.415369 0.608436 0.0617629 0.0844512
0 0.469639 0.556357 0.0477425 0.0242078
0 0.36398 0.548903 0.0424637 0.0234163
1 0.415665 0.609065 0.0613188 0.0840876
0 0.469967 0.55666 0.0481833 0.0232193
0 0.363922 0.549194 0.0419921 0.0237779
1 0.416222 0.60968 0.0617501 0.0879983
0 0.470046 0.557351 0.0485391 0.0239693
0 0.364794 0.549789 0.0431643 0.0245726
1 0.416351 0.61004 0.0614354 0.0875262
0 0.470078 0.557261 0.0479021 0.0240793
0 0.36498 0.549718 0.04402 0.0247355
1 0.415998 0.60949 0.0624183 0.0857015
0 0.470096 0.557188 0.0478956 0.0235881
0 0.365612 0.549346 0.0465422 0.0239374
1 0.416309 0.610908 0.06149 0.0866791
0 0.470367 0.556815 0.0491665 0.0243601
0 0.365564 0.548474 0.0474504 0.0253943
1 0.416075 0.610839 0.0616899 0.0865517
0 0.470317 0.556568 0.0483578 0.0246105
0 0.366576 0.548766 0.0473508 0.0258677
1 0.416809 0.610611 0.0607456 0.0855897
0 0.471137 0.556428 0.0501926 0.0240473
0 0.366733 0.548872 0.0479749 0.0251424
1 0.417147 0.609467 0.0611663 0.0854514
0 0.471558 0.55647 0.0505638 0.0253235
0 0.366213 0.547832 0.0435496 0.0249001
1 0.417228 0.61005 0.061824 0.0859741
0 0.471357 0.556225 0.0497679 0.0253195
0 0.366462 0.547871 0.0455936 0.0250865
1 0.416867 0.60942 0.0624342 0.0833701
0 0.471536 0.556932 0.049373 0.0260272
0 0.366795 0.54832 0.0459654 0.0253779
1 0.417227 0.610068 0.0612418 0.0859559
0 0.471583 0.557166 0.0501765 0.024902
0 0.36649 0.548674 0.0452453 0.0238632
1 0.417197 0.610388 0.0617807 0.0856654
0 0.471594 0.557273 0.0496183 0.024823
0 0.366461 0.548345 0.0454422 0.024089
1 0.417316 0.611046 0.0620171 0.0868265
0 0.471834 0.557684 0.0503028 0.0256021
0 0.367749 0.548513 0.0496891 0.0251368
1 0.417346 0.610466 0.0612564 0.0888599
0 0.471714 0.557532 0.0493408 0.0248294
0 0.36726 0.549787 0.047659 0.0250642
1 0.417439 0.611179 0.0613132 0.0868706
0 0.471146 0.557965 0.049869 0.0247454
0 0.367488 0.54957 0.0499873 0.0252769
1 0.41716 0.610471 0.061569 0.0885038
0 0.47188 0.558044 0.0505266 0.0244785
0 0.366751 0.550078 0.0491636 0.0254847
1 0.417056 0.608244 0.0609136 0.091906
1 0.41672 0.608852 0.0607883 0.0890016
1 0.417193 0.610745 0.0616373 0.0887698
0 0.469502 0.560676 0.0493273 0.0207513
0 0.368509 0.550504 0.0420918 0.0193766
1 0.41728 0.611048 0.0609318 0.08736
0 0.47071 0.559855 0.0473022 0.0226929
0 0.36971 0.55047 0.0443347 0.02158
1 0.417325 0.609655 0.0613647 0.0881917
0 0.471761 0.559137 0.0473974 0.0224711
0 0.369838 0.550011 0.0435027 0.021801
1 0.417398 0.610265 0.0605309 0.0891562
0 0.472509 0.558937 0.0479807 0.0234842
0 0.367774 0.550812 0.0445708 0.022467
1 0.417364 0.609712 0.0605947 0.0863014
0 0.472047 0.559022 0.0475133 0.0236898
0 0.368686 0.550676 0.04513 0.0229642
1 0.417313 0.610106 0.0610315 0.0883979
0 0.473175 0.5593 0.0482079 0.0237303
0 0.367356 0.551327 0.0436589 0.0238262
1 0.41732 0.611155 0.0605358 0.0878853
0 0.471964 0.559144 0.0494875 0.0238979
0 0.36765 0.55122 0.0470932 0.0228106
1 0.417176 0.610784 0.0604877 0.0890935
0 0.472378 0.559217 0.0482448 0.0230775
0 0.368156 0.551024 0.0466171 0.0227928
1 0.417375 0.610887 0.0606434 0.0890442
0 0.472359 0.559656 0.0482053 0.0240538
0 0.367133 0.55145 0.0444553 0.023484
1 0.417907 0.610911 0.061064 0.0880318
0 0.472208 0.559895 0.0467604 0.0243148
0 0.366631 0.551674 0.0426626 0.0234227
1 0.417717 0.610781 0.0605497 0.0888997
0 0.472393 0.559704 0.0482967 0.0241051
0 0.367892 0.551885 0.0462941 0.0240016
1 0.41747 0.610518 0.0601559 0.0878867
0 0.472789 0.560524 0.0476507 0.0242273
0 0.368414 0.551826 0.0439082 0.0231692
1 0.417883 0.611746 0.0611175 0.0891861
1 0.417966 0.610308 0.0612556 0.0908714
1 0.417948 0.610859 0.0609475 0.0894976
1 0.418094 0.611445 0.0612661 0.090229
0 0.471568 0.564169 0.0474024 0.0170422
1 0.418121 0.611846 0.0599676 0.086544
0 0.471358 0.562982 0.0459657 0.0206912
0 0.367439 0.554351 0.0394367 0.0213099
1 0.418324 0.613406 0.0598131 0.0890892
0 0.471939 0.563075 0.0471054 0.0226421
0 0.367413 0.554074 0.0439991 0.0243991
1 0.418775 0.614704 0.060832 0.0877757
0 0.472538 0.563206 0.0473066 0.0229791
0 0.367066 0.553714 0.0433986 0.0247261
1 0.418392 0.613182 0.061103 0.0872499
0 0.471824 0.563359 0.0486664 0.0235541
0 0.367667 0.553574 0.0448134 0.0243677
1 0.41823 0.61352 0.0598479 0.089997
0 0.472899 0.562959 0.0472702 0.0242325
0 0.366889 0.553257 0.0446037 0.0240857
1 0.418298 0.612685 0.0600893 0.088426
0 0.472709 0.56272 0.0482443 0.0244942
0 0.367876 0.552988 0.044142 0.0233625
1 0.418365 0.611648 0.0606411 0.0934446
1 0.418025 0.611437 0.0599377 0.089922
1 0.418187 0.611978 0.0606918 0.0905833
1 0.41823 0.612333 0.0610154 0.0885053
0 0.471489 0.563765 0.0463157 0.0206103
0 0.368859 0.555016 0.0409688 0.0190889
1 0.41816 0.613092 0.0601573 0.0896586
0 0.471182 0.56456 0.0451748 0.0207469
0 0.36787 0.554846 0.0407773 0.0208563
1 0.418014 0.613146 0.0603128 0.0910193
0 0.471387 0.56369 0.0468008 0.0232796
0 0.368033 0.553221 0.0423467 0.0218622
1 0.418412 0.613438 0.0603838 0.0894679
0 0.472262 0.563675 0.0496869 0.0232262
0 0.367102 0.553437 0.0418787 0.022112
1 0.418298 0.614066 0.0598619 0.0888697
0 0.471952 0.563549 0.0477412 0.0236922
0 0.368103 0.553627 0.0443619 0.0233583
1 0.418601 0.613729 0.0604639 0.0899282
0 0.47218 0.563089 0.0468622 0.0240217
0 0.367423 0.553078 0.044387 0.023258
1 0.41797 0.613104 0.0603644 0.0883873
0 0.472279 0.563995 0.0476967 0.0243397
0 0.367831 0.553506 0.0425418 0.0234047
1 0.418342 0.612687 0.0607164 0.0923298
1 0.418615 0.612701 0.0603901 0.0914379
0 0.469085 0.565623 0.0437939 0.0186111
1 0.418308 0.613811 0.0597322 0.0905153
0 0.471448 0.565474 0.0443099 0.0196618
1 0.418391 0.614553 0.0606048 0.0900715
0 0.472152 0.563994 0.0469919 0.0228971
0 0.368804 0.555135 0.0432233 0.0208036
1 0.418467 0.613538 0.0604166 0.0895208
0 0.472722 0.564105 0.0466881 0.0230479
0 0.369456 0.555126 0.0436401 0.0210176
1 0.418605 0.614317 0.0609715 0.0866277
0 0.47269 0.563933 0.0484789 0.023377
0 0.36851 0.554353 0.0428133 0.0221678
1 0.418155 0.614511 0.0599632 0.0890594
0 0.4722 0.563739 0.0470718 0.0238622
0 0.367987 0.553516 0.0425972 0.0224922
1 0.418368 0.614178 0.0597008 0.0868446
0 0.472836 0.564203 0.0480175 0.0233648
0 0.368462 0.553998 0.04515 0.0236908
1 0.41868 0.615249 0.0607661 0.0870333
0 0.472766 0.563661 0.0471872 0.0236078
0 0.368404 0.554065 0.045997 0.0238316
1 0.418366 0.614379 0.0600579 0.0880605
0 0.473277 0.563873 0.0477109 0.0239685
0 0.366969 0.553553 0.0426748 0.0228867
1 0.418396 0.613795 0.0599118 0.089296
0 0.473474 0.563914 0.0472021 0.0238248
0 0.367752 0.553216 0.0455495 0.0233426
1 0.418716 0.615236 0.060435 0.0896629
0 0.472944 0.564021 0.0484688 0.0240607
0 0.367573 0.553645 0.0453526 0.0243256
1 0.418379 0.615125 0.0598228 0.085674
0 0.472542 0.563703 0.0490269 0.0242563
0 0.368363 0.553961 0.0460297 0.0249891
1 0.418272 0.615124 0.0602457 0.0878146
0 0.472673 0.563726 0.0480764 0.0242082
0 0.366738 0.553844 0.04297 0.0249279
1 0.418395 0.614738 0.0604722 0.0876971
0 0.472025 0.563645 0.0489476 0.0239956
0 0.3671 0.553201 0.0443789 0.0234314
1 0.418274 0.6146 0.0602907 0.0866514
0 0.47245 0.563637 0.047624 0.0239012
0 0.367699 0.554559 0.046126 0.0256793
1 0.418623 0.614288 0.0613097 0.0902771
0 0.47235 0.56328 0.0480733 0.0231786
0 0.366986 0.553772 0.0447827 0.0245187
1 0.418167 0.614447 0.0604019 0.0874547
0 0.472603 0.563785 0.0502876 0.0243084
0 0.367147 0.554257 0.0454703 0.0257186
1 0.418181 0.614788 0.0608087 0.0885671
0 0.47287 0.56324 0.0502451 0.0247838
0 0.367883 0.553791 0.045189 0.0247508
1 0.417935 0.614976 0.0596527 0.0871829
0 0.473405 0.563243 0.0491528 0.0241458
0 0.367095 0.55465 0.0443276 0.0252663
1 0.418569 0.615 0.06101 0.0882406
0 0.472109 0.563183 0.0488867 0.0245974
0 0.367491 0.554386 0.046303 0.0255594
1 0.418009 0.614439 0.0606709 0.0880685
0 0.472421 0.563436 0.049479 0.0246529
0 0.366802 0.553771 0.0453868 0.024416
1 0.418121 0.614364 0.0609611 0.0871614
0 0.472134 0.563117 0.0501936 0.0247752
0 0.366618 0.553972 0.0450009 0.024504
1 0.417911 0.61427 0.0607502 0.0872533
0 0.472566 0.562872 0.0506122 0.0249825
0 0.365955 0.553937 0.0434308 0.0238012
1 0.41799 0.613916 0.0610583 0.089443
0 0.470874 0.562804 0.0492826 0.0243726
0 0.365979 0.55369 0.043434 0.0246429
1 0.417508 0.614141 0.0605968 0.0880864
0 0.471306 0.562189 0.0498882 0.0246367
0 0.366215 0.554151 0.0439771 0.0253412
1 0.417778 0.614706 0.0604033 0.0888304
0 0.471274 0.562911 0.0512871 0.0252912
0 0.366266 0.554129 0.0452363 0.0252707
1 0.417834 0.615157 0.0598036 0.0876645
0 0.471664 0.562979 0.0507447 0.0244245
0 0.366921 0.554084 0.0469559 0.0245783
1 0.417863 0.61564 0.0600513 0.0874161
0 0.471524 0.563352 0.0501945 0.0248988
0 0.366704 0.554202 0.0482834 0.0250229
1 0.41772 0.614775 0.0603724 0.0872239
0 0.471157 0.562969 0.0502169 0.0253766
0 0.366088 0.554076 0.0446974 0.0245969
1 0.418019 0.614514 0.0612934 0.0894571
0 0.47215 0.562913 0.0507492 0.0252403
0 0.366298 0.554011 0.0441175 0.0246302
1 0.417727 0.614784 0.0607524 0.0883303
0 0.471706 0.563021 0.0505583 0.0254929
0 0.366139 0.553375 0.0448584 0.0240033
1 0.4176 0.613686 0.0603857 0.0877795
0 0.471612 0.56301 0.0501331 0.0254929
0 0.366522 0.553815 0.0451365 0.0248872
1 0.417942 0.61575 0.0606392 0.0859581
0 0.472472 0.562836 0.0506832 0.0250158
0 0.366696 0.554184 0.0440919 0.0245172
1 0.417742 0.615605 0.0609648 0.0872491
0 0.472031 0.563459 0.0506626 0.0247449
0 0.36753 0.554037 0.0465378 0.024438
1 0.417568 0.61395 0.0603459 0.0897376
0 0.471759 0.563284 0.0498459 0.0247681
0 0.366544 0.553935 0.0446899 0.0251892
1 0.418348 0.615055 0.0610396 0.0879391
0 0.472378 0.563814 0.049336 0.0248568
0 0.366462 0.554482 0.0449494 0.0251605
1 0.418247 0.613051 0.0606241 0.0908536
0 0.472825 0.563539 0.0494345 0.0249771
0 0.366895 0.554152 0.046856 0.0253961
1 0.418126 0.614138 0.0601617 0.0885944
0 0.472978 0.563638 0.0479055 0.0245312
0 0.366852 0.553946 0.0453626 0.0255135
1 0.418281 0.615139 0.0605498 0.0883995
0 0.471854 0.563154 0.048847 0.0251345
0 0.367628 0.553882 0.0459615 0.0248924
1 0.418239 0.614347 0.0606897 0.0862968
0 0.471818 0.562646 0.0486255 0.0245528
0 0.36759 0.554782 0.0452084 0.0261223
1 0.417331 0.612848 0.059858 0.0906616
0 0.470078 0.559387 0.0512589 0.0266716
0 0.365819 0.552588 0.0423697 0.0263915
1 0.417325 0.613373 0.0597602 0.0882767
0 0.470851 0.55956 0.0486137 0.026034
0 0.366975 0.551726 0.0465392 0.0253148
1 0.413275 0.611141 0.0621481 0.0833944
0 0.467956 0.557609 0.050593 0.0274228
0 0.361971 0.552105 0.0474867 0.0276465
1 0.405361 0.610118 0.0616869 0.0903241
0 0.454973 0.564055 0.0514769 0.0244962
1 0.402537 0.61046 0.0627275 0.0897859
0 0.452204 0.564382 0.0481543 0.0216985
1 0.398 0.611513 0.0639053 0.0863808
0 0.447456 0.564858 0.0482071 0.0217664
1 0.396765 0.611199 0.0634491 0.0866526
0 0.446358 0.565119 0.0483324 0.0227943
1 0.398249 0.615113 0.0640871 0.0839869
0 0.445866 0.565717 0.0467649 0.0223595
1 0.398734 0.614069 0.0633456 0.0831388
0 0.447635 0.565327 0.0468248 0.023048
0 0.345594 0.562626 0.0411391 0.0152936
1 0.402309 0.614882 0.0613976 0.0900529
0 0.451426 0.566671 0.0487184 0.0236378
1 0.455689 0.607064 0.0617022 0.0813781
0 0.50974 0.559107 0.0491457 0.0252388
0 0.407892 0.543048 0.0482231 0.0266552
1 0.455485 0.60657 0.0617057 0.0835403
1 0.455373 0.607606 0.0608339 0.082283
0 0.508159 0.562303 0.0455256 0.0197848
0 0.409819 0.547174 0.0425282 0.0198706
1 0.455607 0.607546 0.0605182 0.0826904
0 0.508737 0.562543 0.046105 0.0208249
0 0.409238 0.546767 0.0440895 0.0195544
1 0.455041 0.608224 0.0606348 0.0809186
0 0.508456 0.562554 0.0459402 0.0220821
0 0.408945 0.546495 0.0435841 0.0197461
1 0.45503 0.608801 0.0609299 0.0792041
0 0.40847 0.545455 0.0435108 0.0222233
0 0.509373 0.560978 0.0462264 0.0229949
1 0.45507 0.608974 0.0610929 0.080483
0 0.408254 0.545822 0.0443737 0.0216716
0 0.509185 0.561028 0.0469002 0.0230298
1 0.454843 0.608437 0.0598141 0.082196
0 0.509402 0.560547 0.0475214 0.0244831
0 0.408946 0.54518 0.0452127 0.0242373
1 0.455064 0.610087 0.0604591 0.0794334
0 0.509725 0.560338 0.0475922 0.0250093
0 0.408523 0.545288 0.0440359 0.0245794
1 0.454941 0.608965 0.0609733 0.0806764
0 0.509392 0.560407 0.0488074 0.0246035
0 0.408697 0.545205 0.0444193 0.0239868
1 0.455218 0.608783 0.0607546 0.0801439
0 0.409159 0.545307 0.0450977 0.0248198
0 0.509761 0.56044 0.0476532 0.024571
1 0.455927 0.608483 0.0604167 0.0794729
0 0.511332 0.560686 0.0481882 0.0249629
0 0.409132 0.545517 0.0449117 0.0245138
1 0.455288 0.607728 0.0611687 0.0815081
0 0.511423 0.560504 0.0493902 0.0258878
0 0.409045 0.545214 0.0449201 0.025333
1 0.456382 0.609012 0.0604665 0.0787636
0 0.511362 0.560694 0.0468569 0.0240616
0 0.409023 0.545189 0.044392 0.0244919
1 0.457424 0.608115 0.0614372 0.0810412
0 0.40857 0.54498 0.0438349 0.0258347
0 0.512393 0.560777 0.0477158 0.024806
1 0.457439 0.608618 0.0620258 0.0797466
0 0.512205 0.560974 0.0488516 0.0251086
0 0.40879 0.544449 0.0446028 0.0255553
1 0.460459 0.60807 0.0629395 0.0788152
0 0.514785 0.560724 0.0468556 0.0248117
0 0.410974 0.543636 0.0434267 0.0243418
1 0.46153 0.607528 0.063916 0.0780228
0 0.516538 0.560102 0.0441406 0.0238045
0 0.412607 0.542822 0.0425423 0.0246676
1 0.468071 0.606702 0.0592241 0.0791674
0 0.522555 0.560004 0.0462189 0.0232802
0 0.420725 0.541746 0.0472051 0.0242238
1 0.469287 0.607142 0.0617635 0.0768572
0 0.522466 0.560538 0.0461546 0.02428
0 0.424669 0.54252 0.0500663 0.0258097
1 0.473453 0.606999 0.0633895 0.0765254
0 0.527724 0.560517 0.043547 0.0238558
0 0.427503 0.541031 0.0456082 0.0269217
1 0.475609 0.605793 0.0623846 0.0784691
0 0.529758 0.559424 0.0469973 0.0234484
0 0.427659 0.541057 0.045554 0.0297572
1 0.479237 0.603729 0.0607414 0.0797353
0 0.533856 0.559192 0.0446704 0.0245307
0 0.433377 0.539284 0.0469063 0.0286601
1 0.479083 0.602146 0.0610508 0.0826736
0 0.534481 0.558077 0.0470794 0.0241984
0 0.432909 0.538856 0.0453546 0.0272738
1 0.48499 0.601324 0.0607789 0.0830555
0 0.538826 0.561551 0.0426169 0.0200361
1 0.489213 0.600032 0.0621641 0.0868065
1 0.491625 0.600149 0.0614878 0.0864669
1 0.502979 0.601054 0.0620105 0.0839877
0 0.556704 0.566228 0.0413221 0.0202006
0 0.458003 0.537562 0.0419768 0.0231303
1 0.505902 0.6023 0.0622892 0.0803347
0 0.459641 0.537926 0.0406672 0.0237511
0 0.559111 0.56686 0.0464122 0.0220693
1 0.516077 0.601532 0.0640569 0.0831223
0 0.570492 0.568381 0.0461062 0.0253047
0 0.473167 0.536327 0.0471983 0.0278455
1 0.516784 0.602719 0.0640884 0.0808731
0 0.475632 0.53639 0.0435164 0.0264956
0 0.572982 0.570189 0.0438637 0.0244438
1 0.518431 0.605227 0.0641493 0.0809163
0 0.573268 0.572452 0.0434819 0.0257501
0 0.475058 0.538728 0.0449163 0.0285245
1 0.520896 0.604106 0.058453 0.0776855
1 0.520629 0.594343 0.0590609 0.0779589
0 0.48064 0.523052 0.0468534 0.029055
0 0.576909 0.562157 0.0420876 0.0291039
1 0.522673 0.604062 0.0593798 0.0790634
0 0.579671 0.572451 0.0392633 0.0293246
1 0.524881 0.598141 0.0613035 0.074692
0 0.58106 0.565372 0.0449717 0.026888
0 0.484093 0.52825 0.0472403 0.0290245
1 0.527464 0.607191 0.0593115 0.0767769
0 0.491919 0.541658 0.0424498 0.0297122
0 0.584607 0.579597 0.044132 0.0298449
1 0.527802 0.600571 0.0557898 0.0770995
0 0.585519 0.573759 0.0423981 0.0261138
0 0.49023 0.536661 0.044447 0.0307276
1 0.528767 0.630263 0.0554279 0.0815675
0 0.984827 0.679267 0.0296978 0.0288465
0 0.985073 0.678994 0.0291838 0.0277077
0 0.986779 0.66297 0.0260099 0.0274651
0 0.989771 0.662005 0.0202187 0.028574
0 0.993961 0.667687 0.0119724 0.0374207
1 0.305358 0.865474 0.0593164 0.078395
0 0.360146 0.829719 0.0387483 0.0248722
0 0.262841 0.801287 0.0437134 0.023951
1 0.311502 0.860967 0.0611243 0.0768353
0 0.364537 0.82357 0.0385154 0.0247791
1 0.317436 0.852376 0.0593174 0.0730133
0 0.368718 0.812732 0.0363093 0.0266444
1 0.340541 0.822157 0.0666387 0.076531
0 0.390886 0.779562 0.0392858 0.0256073
0 0.287839 0.755351 0.0453218 0.0269086
1 0.343536 0.815606 0.064614 0.0790577
1 0.346138 0.803087 0.0670219 0.0824092
0 0.399903 0.760592 0.0420131 0.027063
1 0.346477 0.792481 0.0670674 0.0804606
0 0.291507 0.727354 0.0498474 0.0247194
0 0.399214 0.746138 0.0453134 0.0256783
1 0.343807 0.78821 0.0646884 0.0779608
0 0.398183 0.741455 0.0478438 0.0260312
0 0.288412 0.723325 0.0484662 0.027582
1 0.33731 0.770771 0.0674656 0.074511
0 0.391017 0.719982 0.0466799 0.0252001
0 0.281217 0.70641 0.0456441 0.0252714
1 0.335179 0.767202 0.0688062 0.0810388
0 0.277022 0.70509 0.0472345 0.024439
0 0.387033 0.718711 0.048927 0.0244776
1 0.328387 0.758151 0.0685877 0.0797694
0 0.381429 0.706561 0.0468977 0.0271151
0 0.26891 0.696929 0.0499043 0.0248011
1 0.32911 0.759881 0.0702403 0.0781286
0 0.379441 0.707156 0.0452451 0.0250867
0 0.26761 0.697241 0.0491261 0.0238845
1 0.327805 0.760719 0.0699328 0.0768208
0 0.378505 0.708946 0.0486082 0.0260536
0 0.268381 0.698538 0.0493905 0.0232185
1 0.317424 0.756949 0.0706243 0.0777896
0 0.370074 0.70643 0.0490484 0.0259892
0 0.258637 0.696634 0.0512062 0.0248563
1 0.316061 0.755955 0.0703701 0.0796304
0 0.255759 0.69504 0.0485441 0.0245577
0 0.366424 0.704111 0.0502106 0.0261242
1 0.310853 0.764249 0.0719188 0.07634
0 0.363651 0.713302 0.0485702 0.0268735
0 0.251126 0.704594 0.0476408 0.0264351
1 0.310405 0.769317 0.0687809 0.0769146
0 0.254002 0.710757 0.0489946 0.0241018
0 0.362449 0.718556 0.0486717 0.0254229
1 0.310838 0.769096 0.0697086 0.0761869
0 0.253127 0.710802 0.0514971 0.0242894
0 0.36197 0.719013 0.0495938 0.0256036
1 0.301963 0.766528 0.0704915 0.0770915
0 0.352846 0.717099 0.0466033 0.0245752
0 0.243071 0.709085 0.0510633 0.0260038
1 0.301929 0.767734 0.0694832 0.0749939
0 0.352348 0.716711 0.0457659 0.0245214
0 0.243335 0.709346 0.0498666 0.0247498
1 0.291188 0.765821 0.0703032 0.0778013
0 0.343662 0.717787 0.0491637 0.0237988
0 0.232211 0.709653 0.0493445 0.0238998
1 0.287753 0.763648 0.0702037 0.0771538
0 0.230557 0.708913 0.0486873 0.0234645
0 0.340717 0.716307 0.0487113 0.0241325
1 0.285662 0.760066 0.0725478 0.0810715
1 0.279534 0.756049 0.0699547 0.0816732
1 0.27967 0.754612 0.0708911 0.0779762
1 0.271787 0.752156 0.0693962 0.0748609
1 0.269137 0.747266 0.0704822 0.0781787
0 0.209736 0.696148 0.0480785 0.0168035
1 0.266816 0.742551 0.0706566 0.0763537
0 0.207833 0.688363 0.0480223 0.0234412
0 0.316063 0.693903 0.0493926 0.0235065
1 0.260126 0.753864 0.0685833 0.0773849
0 0.311311 0.705665 0.0488936 0.0240033
1 0.25983 0.754024 0.0686885 0.0750046
0 0.311018 0.70567 0.0480931 0.0234421
1 0.254737 0.745778 0.0705141 0.0737737
0 0.193411 0.695116 0.0501264 0.0224236
0 0.30295 0.699646 0.0478983 0.0233259
1 0.253592 0.743329 0.0704209 0.0775406
0 0.301478 0.697831 0.0450446 0.0239443
0 0.193694 0.691966 0.0498134 0.022096
1 0.253887 0.745545 0.0705442 0.0726167
0 0.193852 0.69188 0.0496014 0.0223635
0 0.301892 0.697498 0.0465821 0.0235188
1 0.250518 0.74535 0.0690991 0.0753955
0 0.29855 0.696602 0.0492236 0.0246198
0 0.187592 0.691762 0.0455496 0.0215485
1 0.250074 0.74837 0.0683615 0.0721038
0 0.300119 0.698835 0.0501291 0.0230265
0 0.190132 0.69425 0.047367 0.0199972
1 0.250293 0.745843 0.0685096 0.0796494
1 0.244671 0.746115 0.0703458 0.079251
1 0.242845 0.748917 0.0703136 0.0777458
1 0.24205 0.751638 0.0701303 0.0739297
1 0.242001 0.750874 0.0709814 0.0747676
0 0.181317 0.696632 0.0500057 0.0154598
0 0.293282 0.702495 0.0455331 0.0207746
1 0.237356 0.754092 0.0694651 0.0803139
0 0.290829 0.707284 0.0422905 0.0222797
0 0.179347 0.6993 0.0507984 0.0187764
1 0.237005 0.754497 0.0704116 0.0802648
0 0.288925 0.707381 0.0420263 0.022973
0 0.178274 0.700029 0.051786 0.0202571
1 0.237495 0.757074 0.0703444 0.0754334
0 0.289611 0.706785 0.0436151 0.0219711
0 0.18041 0.700194 0.0494873 0.0208825
1 0.237264 0.753806 0.071847 0.0770849
0 0.180576 0.697053 0.0508011 0.019029
0 0.289475 0.705424 0.0433286 0.0215632
1 0.237205 0.753872 0.0701468 0.0769183
0 0.28978 0.705676 0.0437242 0.0220716
0 0.181123 0.697417 0.0516865 0.0191378
1 0.235674 0.763595 0.0693594 0.0749645
0 0.287967 0.716427 0.0455187 0.023336
0 0.1769 0.705137 0.0412402 0.021667
1 0.232073 0.768411 0.0722713 0.0729835
0 0.285565 0.722165 0.0453198 0.0230008
0 0.175443 0.709719 0.0505963 0.0200747
1 0.230691 0.767309 0.0722492 0.0770111
0 0.284293 0.721434 0.0465409 0.0220683
0 0.173396 0.709505 0.0499725 0.0214762
1 0.228871 0.771168 0.0717879 0.0757759
0 0.283084 0.722995 0.0458289 0.0220309
0 0.171232 0.712739 0.0489251 0.019504
1 0.227452 0.771606 0.0703964 0.0770739
0 0.279396 0.72237 0.0469032 0.0213811
0 0.168263 0.713046 0.0495082 0.0201736
1 0.222929 0.770832 0.071486 0.0763782
0 0.277323 0.723 0.0462721 0.02292
0 0.165493 0.711577 0.0493642 0.0217824
0 0.992452 0.608496 0.0149599 0.100801
1 0.221219 0.768457 0.0708204 0.0804431
0 0.276507 0.720024 0.0491399 0.0241926
0 0.164379 0.709408 0.0455682 0.0235753
1 0.221465 0.769574 0.0705961 0.0758903
0 0.276311 0.720635 0.0476379 0.0251321
0 0.991861 0.618692 0.0160679 0.101452
1 0.221152 0.774949 0.070813 0.0766726
0 0.277502 0.726131 0.0486443 0.0238542
0 0.164701 0.715907 0.0499101 0.0255246
1 0.220424 0.772388 0.0716878 0.0787862
0 0.27619 0.725767 0.0442948 0.0259048
0 0.162552 0.714507 0.0482807 0.0232503
1 0.220447 0.771855 0.0708475 0.0756193
0 0.277346 0.725289 0.0473755 0.0234385
0 0.164071 0.713289 0.0496146 0.0220416
1 0.220834 0.775078 0.0705553 0.0743352
0 0.277023 0.727298 0.0470941 0.0248803
0 0.164857 0.714815 0.0491511 0.0216995
1 0.228953 0.779735 0.0703128 0.073925
0 0.173317 0.720491 0.0521218 0.024189
0 0.283667 0.734945 0.0460386 0.0223139
1 0.230177 0.7806 0.0703863 0.0771497
0 0.174397 0.721187 0.0553349 0.0235756
0 0.285803 0.737442 0.0459275 0.024243
0 0.993051 0.684061 0.0136959 0.0816004
1 0.233475 0.782308 0.0710931 0.0819993
0 0.180459 0.722585 0.0531998 0.0262068
0 0.289056 0.739375 0.0469501 0.0255695
1 0.231778 0.775705 0.0686281 0.081933
1 0.235689 0.779417 0.0704491 0.079334
1 0.239381 0.780962 0.070798 0.079941
0 0.181994 0.726561 0.0464673 0.0145855
1 0.242043 0.787189 0.0701711 0.0781321
1 0.242716 0.792084 0.070175 0.0782862
0 0.298625 0.748222 0.0469061 0.023848
0 0.188827 0.730746 0.0476531 0.0199609
1 0.241065 0.785053 0.0700459 0.078972
0 0.29511 0.743585 0.0468883 0.0256065
0 0.18513 0.724209 0.0497988 0.0262451
1 0.239281 0.785321 0.0691416 0.0800925
0 0.292698 0.743137 0.0448733 0.0245611
0 0.186295 0.723579 0.0479248 0.0256215
1 0.241184 0.792527 0.0705008 0.0763976
0 0.188442 0.729161 0.0504178 0.0246155
0 0.296702 0.747135 0.0483504 0.0248262
1 0.24475 0.792798 0.0676706 0.0758761
0 0.190929 0.731578 0.0501702 0.025288
0 0.300111 0.748661 0.046671 0.0250916
1 0.244485 0.788778 0.0685397 0.0790971
0 0.19172 0.72807 0.0544623 0.0253342
0 0.300203 0.746689 0.0457162 0.0248212
1 0.244022 0.793105 0.0682745 0.0817313
0 0.193534 0.73399 0.0500345 0.0240582
0 0.301047 0.751066 0.0490078 0.0216015
1 0.245685 0.797658 0.0689981 0.080586
0 0.30208 0.753729 0.0443972 0.0234286
1 0.245457 0.803137 0.0696588 0.0811227
0 0.301086 0.757354 0.0472985 0.0246454
0 0.190991 0.7404 0.0470891 0.0258041
1 0.245812 0.807052 0.0692682 0.0766576
0 0.30101 0.762635 0.0497591 0.0243009
0 0.19358 0.743805 0.0505869 0.0238843
1 0.245668 0.806322 0.0697514 0.0785283
0 0.301738 0.763705 0.0490791 0.0243338
0 0.193002 0.74353 0.0497845 0.0230703
1 0.247729 0.808888 0.0683205 0.076954
0 0.303558 0.764492 0.0468467 0.0244071
0 0.195219 0.745645 0.0493834 0.0214424
1 0.249095 0.811843 0.0671962 0.0756859
0 0.198811 0.748463 0.0494287 0.0207172
0 0.305849 0.76637 0.0499079 0.0241989
1 0.252752 0.81441 0.0705938 0.0765775
0 0.201114 0.752081 0.0521473 0.0260646
0 0.307822 0.77046 0.046356 0.0226608
1 0.253229 0.813187 0.0715606 0.0766328
0 0.200585 0.75086 0.0509231 0.0243479
0 0.307782 0.770105 0.0463702 0.0230693
1 0.254265 0.808217 0.0709646 0.0775943
0 0.203269 0.744695 0.0491611 0.024913
0 0.311664 0.764906 0.0461965 0.0244441
1 0.256118 0.812004 0.0704918 0.0772463
0 0.207187 0.748677 0.0476516 0.0244514
0 0.313691 0.768869 0.0467965 0.0243482
1 0.258107 0.812087 0.0693658 0.0811476
0 0.208569 0.751428 0.0497894 0.0267007
0 0.314771 0.771153 0.0453922 0.0249097
1 0.256492 0.809793 0.0684487 0.0773815
0 0.207423 0.745195 0.0489847 0.0260213
0 0.314278 0.766755 0.0470283 0.0256081
1 0.256536 0.809343 0.0683133 0.0796056
0 0.207185 0.746119 0.0477133 0.0255054
0 0.313911 0.767415 0.0477049 0.0252878
1 0.257961 0.810396 0.0685471 0.0845573
0 0.316068 0.771802 0.045954 0.0236195
0 0.209534 0.749784 0.0484577 0.0237306
1 0.258679 0.81233 0.0696938 0.081498
0 0.209745 0.750356 0.0501412 0.0251499
0 0.31655 0.770926 0.0475031 0.0244387
1 0.257524 0.812598 0.0679148 0.0810974
0 0.208494 0.752409 0.0493998 0.0266607
0 0.314361 0.771758 0.0453674 0.0249512
1 0.25774 0.811031 0.0684401 0.0826706
0 0.21016 0.751601 0.0508069 0.0260026
0 0.31503 0.77218 0.0464278 0.0256168
1 0.257323 0.811316 0.0685271 0.083051
0 0.209313 0.750777 0.0486173 0.0258945
0 0.314596 0.771633 0.0469099 0.025392
1 0.256008 0.810548 0.0694021 0.0822062
0 0.207948 0.749724 0.052012 0.0241714
0 0.31227 0.77109 0.0488803 0.0248772
1 0.255395 0.811725 0.071023 0.0821388
0 0.204962 0.749353 0.0501331 0.0228455
0 0.310488 0.770543 0.0475215 0.0242727
1 0.253099 0.812837 0.0690696 0.081573
0 0.201711 0.752258 0.0524323 0.0280955
1 0.230346 0.838212 0.0708073 0.0830845
1 0.206831 0.81816 0.0712921 0.0861708
1 0.168043 0.843893 0.0742272 0.0865008
1 0.160734 0.838077 0.0776907 0.083241
1 0.155827 0.866316 0.0713627 0.0900954
1 0.119798 0.845424 0.0733354 0.0812241
1 0.941821 0.90805 0.0616344 0.0799529
1 0.932864 0.91062 0.0586082 0.0832722
0 0.973546 0.842826 0.0488974 0.025531
1 0.893521 0.825905 0.0550171 0.0680463
1 0.894349 0.826001 0.0550774 0.0684804
1 0.901115 0.833563 0.0552883 0.0695323
1 0.901569 0.83568 0.0553814 0.0681655
0 0.929365 0.781721 0.0369732 0.0199949
1 0.905979 0.836778 0.0548012 0.0707069
0 0.932933 0.781777 0.0421392 0.0194308
1 0.905198 0.836756 0.0550043 0.0743813
0 0.9319 0.780559 0.0399071 0.0197463
1 0.908137 0.843447 0.0532501 0.0685729
0 0.93766 0.784297 0.0418018 0.0217187
1 0.908707 0.846144 0.0545473 0.0685472
0 0.93619 0.785752 0.0422047 0.0237914
1 0.910839 0.848896 0.0558723 0.0694787
0 0.937313 0.789551 0.0407722 0.0258354
1 0.916484 0.854128 0.0569309 0.0696676
1 0.916864 0.85535 0.0564781 0.0718409
1 0.914272 0.845105 0.0563885 0.0694936
0 0.939882 0.78637 0.0418358 0.0266691
1 0.915299 0.842383 0.0568968 0.0684705
1 0.915131 0.841411 0.0570484 0.0686485
1 0.916309 0.843287 0.0557976 0.0659597
0 0.943475 0.786238 0.0410429 0.025887
0 0.943879 0.786727 0.0411825 0.0249371
1 0.916018 0.843316 0.0558918 0.0656788
1 0.914874 0.840876 0.0546215 0.0639055
1 0.913563 0.834889 0.0515869 0.0688367
0 0.975088 0.368143 0.0496178 0.0810031
1 0.909766 0.841403 0.0577145 0.0594734
1 0.910081 0.84109 0.0572134 0.0624317
1 0.910595 0.84082 0.0555382 0.0626315
1 0.91697 0.845828 0.0568974 0.0644779
1 0.916876 0.848145 0.058206 0.0673319
1 0.917645 0.851392 0.0581263 0.0683207
1 0.917307 0.851939 0.056748 0.0672338
1 0.916715 0.850894 0.0589237 0.0651723
0 0.926013 0.835453 0.0407431 0.0222186
0 0.930973 0.836706 0.0423786 0.0255023
1 0.909611 0.888553 0.0464222 0.0655637
1 0.959279 0.871052 0.0562202 0.0691627
1 0.960008 0.867494 0.0539574 0.0699537
1 0.989299 0.840999 0.0211601 0.0768692
0 0.86759 0.641929 0.0583614 0.0359713
0 0.866619 0.640189 0.057217 0.03526
0 0.950361 0.672149 0.0594845 0.0434938
0 0.950438 0.672636 0.0615854 0.0420273
0 0.954329 0.671923 0.0606617 0.0434575
0 0.95485 0.669984 0.0623528 0.0433313
0 0.954104 0.669923 0.0576878 0.042659
0 0.95429 0.668235 0.0566822 0.0422345
0 0.953832 0.668183 0.0578522 0.0406222
0 0.958671 0.662423 0.0601402 0.0420911
0 0.957825 0.66082 0.0586658 0.0398172
0 0.984454 0.658858 0.0310764 0.037955
1 0.604582 0.478676 0.0462696 0.0588259
1 0.595029 0.478128 0.0483618 0.0627808
1 0.571106 0.490555 0.0489541 0.0720726
0 0.608094 0.437147 0.038093 0.0314093
1 0.571255 0.498143 0.0460367 0.0675326
0 0.528191 0.447524 0.0461837 0.0262306
1 0.567671 0.513219 0.0548493 0.0748927
0 0.609049 0.448341 0.0430117 0.0288329
0 0.520124 0.453535 0.0484873 0.0264774
1 0.572549 0.519172 0.0664188 0.074396
0 0.60967 0.450918 0.0442345 0.0335038
0 0.614022 0.47244 0.0424622 0.0305539
1 0.571271 0.546559 0.0560274 0.0842534
1 0.573264 0.555171 0.0563034 0.083507
0 0.619352 0.479729 0.0511065 0.0342356
1 0.573074 0.559295 0.0565727 0.0861282
0 0.617245 0.484357 0.0498741 0.0348015
1 0.571726 0.574685 0.0615735 0.0882914
0 0.617589 0.495764 0.0481369 0.0309717
0 0.516978 0.50187 0.0550783 0.028434
1 0.571427 0.57757 0.0632967 0.0881337
1 0.571831 0.581921 0.0611001 0.089666
0 0.618996 0.500279 0.0471977 0.031605
0 0.516787 0.506867 0.0557556 0.0298391
1 0.572326 0.583852 0.059738 0.0910215
0 0.620047 0.50383 0.0486509 0.0310744
0 0.518895 0.510089 0.0543369 0.0304169
1 0.572111 0.584008 0.0623455 0.0905533
0 0.622598 0.503864 0.0537779 0.0318362
0 0.517677 0.507887 0.0563856 0.0322021
1 0.571094 0.57989 0.0616627 0.0927327
0 0.620611 0.499667 0.0508039 0.0318296
0 0.51378 0.50495 0.057827 0.0339373
1 0.572206 0.570926 0.0611582 0.0938646
0 0.622464 0.489273 0.050191 0.0292402
1 0.572206 0.570926 0.0611582 0.0938646
0 0.622464 0.489273 0.050191 0.0292402
1 0.577431 0.571396 0.060259 0.0949537
0 0.627681 0.489851 0.0510048 0.0296694
1 0.577905 0.570857 0.0609442 0.0942416
0 0.628234 0.489099 0.0516723 0.0283526
0 0.521989 0.495691 0.0583416 0.0284053
1 0.585041 0.566215 0.0657874 0.0960611
0 0.631031 0.485514 0.0483293 0.0264243
0 0.528093 0.49007 0.0577427 0.0291051
1 0.585731 0.56894 0.0620124 0.095266
0 0.631731 0.486258 0.0491735 0.0266596
0 0.528498 0.490195 0.0592743 0.0294144
1 0.585731 0.56894 0.0620124 0.095266
0 0.631731 0.486258 0.0491735 0.0266596
0 0.528498 0.490195 0.0592743 0.0294144
1 0.586722 0.569931 0.0615807 0.0951847
0 0.532026 0.492482 0.0538221 0.0272107
0 0.634841 0.486874 0.0480093 0.0271006
1 0.585592 0.568726 0.0622074 0.0958993
0 0.633955 0.48649 0.0485512 0.026312
0 0.530653 0.491695 0.0533722 0.0281542
1 0.584303 0.565823 0.0634124 0.0964798
0 0.52744 0.488992 0.0565003 0.0267377
0 0.632196 0.484324 0.0504375 0.0254278
1 0.584303 0.565823 0.0634124 0.0964798
0 0.52744 0.488992 0.0565003 0.0267377
0 0.632196 0.484324 0.0504375 0.0254278
1 0.58766 0.565562 0.0656591 0.0966924
0 0.527727 0.487827 0.0569157 0.0263349
0 0.63339 0.483862 0.0496744 0.0259959
1 0.588072 0.563397 0.0653143 0.0950076
0 0.528993 0.487073 0.0568882 0.026118
0 0.63393 0.483732 0.0482726 0.0264019
1 0.59169 0.568456 0.0618641 0.0918668
0 0.639407 0.485943 0.048813 0.031691
1 0.591661 0.570363 0.0623726 0.0915347
0 0.639976 0.487987 0.0494783 0.0300997
1 0.591749 0.569648 0.0631727 0.0902031
0 0.640151 0.488663 0.0488928 0.0297808
1 0.589867 0.569362 0.0601202 0.0917974
0 0.637067 0.486769 0.0502172 0.0279888
1 0.587939 0.569507 0.0623942 0.0929658
0 0.636025 0.487203 0.0490644 0.025796
1 0.5765 0.563453 0.0607978 0.0930143
0 0.624822 0.484632 0.0537197 0.0331181
1 0.573726 0.562783 0.0608823 0.093351
0 0.621514 0.483902 0.0544478 0.0337771
0 0.516957 0.489915 0.0595676 0.0312993
1 0.567003 0.551288 0.0603712 0.0970729
0 0.615382 0.474712 0.0494998 0.0338209
0 0.505645 0.48474 0.0572142 0.028137
1 0.566535 0.552092 0.0608386 0.0964719
0 0.504304 0.483377 0.0565092 0.0270877
0 0.612812 0.473636 0.0484405 0.0318919
1 0.565602 0.55305 0.0633354 0.098396
0 0.502743 0.483764 0.0565906 0.0270803
0 0.612503 0.473055 0.0544973 0.03167
1 0.556047 0.55025 0.0603321 0.0890757
0 0.496406 0.482314 0.0589919 0.0266904
0 0.6046 0.47244 0.0546344 0.0318934
1 0.549207 0.546059 0.0625464 0.086628
0 0.597637 0.470129 0.0524376 0.0301722
0 0.493659 0.479271 0.0536221 0.0270667
1 0.547774 0.545904 0.0625911 0.0825979
0 0.595033 0.468328 0.0508364 0.0330172
0 0.492759 0.476191 0.0517477 0.0258759
1 0.541788 0.533331 0.0565676 0.0834757
0 0.586262 0.462992 0.0488607 0.0345441
0 0.485514 0.470415 0.0498228 0.0278263
1 0.539984 0.522972 0.0567207 0.0783844
0 0.583279 0.453607 0.0476276 0.0297119
0 0.485304 0.463399 0.0470238 0.0246348
1 0.538263 0.51747 0.0565058 0.0765788
0 0.580349 0.45236 0.0467497 0.02945
1 0.542011 0.505431 0.0539087 0.0734027
0 0.582856 0.439823 0.0420641 0.0287504
1 0.54415 0.503386 0.0530766 0.0719482
0 0.582897 0.437679 0.044554 0.031339
1 0.56158 0.493465 0.0510805 0.0684179
1 0.566066 0.493447 0.0543001 0.0702479
1 0.577127 0.497888 0.0490488 0.0619048
1 0.596622 0.506177 0.0477459 0.0627195
1 0.604575 0.506791 0.0447855 0.0609772
1 0.635266 0.511283 0.0404264 0.0569695
1 0.644033 0.519371 0.0375952 0.0564648
0 0.0519667 0.933206 0.0553901 0.0376147
0 0.168167 0.946137 0.0517207 0.0327525
1 0.117598 0.960692 0.0794047 0.0786158
0 0.174159 0.906515 0.0492084 0.0277511
1 0.119772 0.957474 0.076198 0.0847636
0 0.177421 0.901235 0.0494644 0.0284213
1 0.12096 0.945228 0.0759201 0.0807696
1 0.128414 0.943045 0.0774706 0.0816546
1 0.129672 0.938032 0.0783394 0.0846196
1 0.131692 0.923164 0.0763044 0.0869614
0 0.186987 0.86664 0.0546808 0.02931
0 0.0671393 0.869363 0.0537562 0.0326542
1 0.161935 0.879036 0.0763864 0.0880472
1 0.173859 0.862713 0.0748982 0.0933093
1 0.229759 0.85375 0.07378 0.0902545
0 0.282063 0.799337 0.0534316 0.0252402
1 0.241332 0.845256 0.0723328 0.0858007
1 0.264089 0.841315 0.0724561 0.0801977
0 0.316364 0.789689 0.0474968 0.025761
0 0.207644 0.781885 0.0502531 0.0224693
1 0.269666 0.83453 0.072334 0.088603
1 0.273229 0.822638 0.0678888 0.091303
1 0.278985 0.792758 0.0700493 0.0852692
0 0.331102 0.741332 0.0499551 0.0250003
0 0.221505 0.732499 0.0490812 0.0209817
1 0.278492 0.785898 0.0697643 0.0882632
0 0.33131 0.735483 0.0466743 0.0253464
0 0.219727 0.725707 0.0486204 0.0272257
1 0.275584 0.750514 0.0678658 0.0911049
1 0.277386 0.735778 0.0695157 0.0872579
0 0.328473 0.682562 0.0481044 0.0230334
1 0.277386 0.735778 0.0695157 0.0872579
0 0.328473 0.682562 0.0481044 0.0230334
1 0.315708 0.72426 0.0690325 0.087564
0 0.365314 0.675044 0.0490954 0.0291492
1 0.354287 0.705833 0.06988 0.0801407
0 0.40626 0.656182 0.048012 0.0237658
0 0.298702 0.64542 0.0482233 0.0220339
1 0.359559 0.703352 0.0681402 0.0778407
0 0.411361 0.655614 0.0448815 0.0251607
0 0.304113 0.641433 0.0455444 0.0234608
1 0.365005 0.693931 0.0654983 0.0807658
0 0.412981 0.647094 0.0388894 0.0255653
1 0.377473 0.675553 0.0667012 0.0794947
0 0.429767 0.629072 0.0474885 0.0223759
0 0.32417 0.612626 0.0464628 0.0214259
1 0.382922 0.674964 0.0672955 0.0781804
0 0.435259 0.627738 0.0469656 0.0238846
0 0.329821 0.610103 0.0479858 0.0240596
1 0.394805 0.670323 0.0667645 0.0818848
0 0.446728 0.624869 0.0496634 0.024314
0 0.343703 0.6067 0.0457199 0.0266815
1 0.402931 0.67059 0.0674291 0.0813782
0 0.456864 0.624415 0.0518818 0.0267988
0 0.352934 0.606274 0.0441945 0.0279045
1 0.403532 0.675454 0.0654306 0.0804281
0 0.456557 0.63195 0.0470911 0.0243857
0 0.355885 0.610918 0.0432356 0.0241384
1 0.406003 0.667933 0.0635914 0.0844129
0 0.457658 0.626855 0.0439722 0.0266822
0 0.359038 0.603886 0.0402317 0.0244047
1 0.417475 0.675687 0.0653215 0.0798281
0 0.469582 0.633494 0.0476862 0.0231168
0 0.367398 0.612913 0.0428456 0.0240372
1 0.420806 0.677436 0.0651969 0.0780586
0 0.473006 0.63264 0.0480401 0.0225215
0 0.373453 0.612952 0.0480793 0.0229257
1 0.423176 0.673903 0.0626671 0.0742374
0 0.47678 0.631251 0.0451668 0.0240317
0 0.375372 0.608358 0.0471347 0.0257469
1 0.423716 0.673711 0.0633448 0.0739805
0 0.477736 0.631552 0.0441721 0.0245305
0 0.377448 0.608104 0.0463219 0.0244807
1 0.430115 0.671701 0.0629889 0.0823733
0 0.483869 0.631755 0.0481051 0.0261927
0 0.383276 0.607566 0.0448108 0.026428
1 0.431917 0.676741 0.0635572 0.076666
0 0.385573 0.612944 0.0445908 0.0226392
0 0.4845 0.633753 0.0442387 0.0236142
1 0.434426 0.675912 0.0643053 0.0781443
0 0.488244 0.633985 0.0457445 0.0236506
0 0.386171 0.611493 0.0433794 0.0250624
1 0.435072 0.676021 0.063669 0.0785779
0 0.388944 0.610231 0.0488775 0.024957
0 0.488261 0.634081 0.0433243 0.0233604
1 0.436322 0.675603 0.063957 0.0807602
0 0.390051 0.611012 0.0474831 0.0256294
0 0.48974 0.634888 0.0455929 0.0250627
1 0.437549 0.678357 0.0635736 0.0818611
0 0.490497 0.636704 0.0442314 0.0248146
0 0.38991 0.612362 0.0478992 0.0254641
1 0.44402 0.679422 0.0637032 0.0751779
0 0.496672 0.636694 0.0484965 0.024232
0 0.399271 0.610251 0.0469447 0.0271599
1 0.445302 0.675988 0.0638079 0.0782608
0 0.398927 0.609326 0.0485868 0.025766
0 0.497542 0.634911 0.0473116 0.023922
1 0.451658 0.658071 0.0616266 0.0816162
0 0.504465 0.619641 0.0432207 0.0247317
0 0.406957 0.592129 0.0436312 0.0289541
0 0.406604 0.589329 0.0480335 0.0273621
0 0.506226 0.617385 0.0449615 0.023185
1 0.448711 0.656822 0.0686443 0.0816619
1 0.450526 0.656485 0.0675282 0.0816004
0 0.40708 0.588652 0.0483093 0.0278562
0 0.505544 0.615412 0.0458355 0.0247645
1 0.446975 0.662867 0.0682981 0.0858228
0 0.501717 0.621036 0.0438833 0.0242055
0 0.403959 0.594798 0.0476204 0.0274371
1 0.446009 0.657667 0.0658279 0.0873746
0 0.397446 0.589423 0.0486474 0.0267616
0 0.497441 0.615769 0.0499578 0.0261612
1 0.446382 0.655237 0.065159 0.0838086
0 0.496524 0.614244 0.0460467 0.025665
0 0.396931 0.588718 0.0483652 0.0285378
1 0.44622 0.655436 0.0652302 0.0829169
0 0.495973 0.613582 0.0465019 0.0256101
0 0.396757 0.588376 0.0481799 0.0286746
1 0.445318 0.658617 0.0663905 0.085061
0 0.495029 0.616467 0.0475231 0.0243045
0 0.39519 0.58998 0.0476405 0.0277255
1 0.443598 0.65722 0.0659536 0.084669
0 0.492662 0.614476 0.0473726 0.0246546
0 0.392371 0.589221 0.0491643 0.0278445
1 0.433654 0.655204 0.062069 0.0785793
0 0.490136 0.612877 0.0449301 0.026386
0 0.38842 0.58687 0.0476464 0.0273682
1 0.432077 0.65278 0.0627748 0.0824547
0 0.488215 0.613091 0.0466492 0.0256119
0 0.384544 0.587408 0.0497523 0.028171
1 0.431094 0.65458 0.0616421 0.0805333
0 0.485162 0.611278 0.0476408 0.0244174
0 0.385031 0.58862 0.0511585 0.0287684
1 0.426174 0.65238 0.0606756 0.0801322
0 0.480666 0.60967 0.0448137 0.0236554
0 0.379621 0.587995 0.048961 0.0266359
1 0.425092 0.6529 0.0609685 0.0796043
0 0.47915 0.609136 0.0450242 0.0237104
0 0.379548 0.587693 0.0497227 0.0269119
1 0.424307 0.653816 0.0603561 0.0775937
0 0.478181 0.608794 0.0459418 0.0242063
0 0.378727 0.587182 0.0482004 0.0263617
1 0.42422 0.653145 0.0603614 0.0792132
0 0.477616 0.608584 0.0469494 0.0237895
0 0.378223 0.587172 0.0486368 0.0260251
1 0.424143 0.65165 0.0610572 0.0801908
0 0.477894 0.607145 0.0447557 0.0244548
0 0.378035 0.586241 0.0491759 0.0257038
1 0.424283 0.651046 0.0606426 0.0820925
0 0.477748 0.60715 0.0447982 0.0242032
0 0.378159 0.586312 0.0487362 0.0254756
1 0.424399 0.651 0.0606421 0.0805442
0 0.476484 0.60616 0.0443199 0.0235954
0 0.377276 0.585988 0.0476516 0.0252241
1 0.423635 0.649037 0.0621544 0.0818914
0 0.475937 0.605011 0.0453325 0.0259682
0 0.377388 0.584426 0.0480487 0.0256986
1 0.423281 0.647666 0.0626183 0.0813342
0 0.476448 0.603109 0.0463875 0.0246905
0 0.375691 0.582862 0.0471444 0.0226161
1 0.421714 0.642551 0.0621568 0.0802732
0 0.473992 0.598659 0.0486856 0.0264244
0 0.373886 0.576537 0.0499085 0.0300659
1 0.421486 0.646033 0.0629505 0.0798758
0 0.375052 0.582789 0.0463236 0.021757
0 0.472754 0.602604 0.0439449 0.023175
1 0.421837 0.647597 0.0628692 0.0801285
0 0.474169 0.606842 0.0423223 0.0216939
0 0.37453 0.585765 0.0480116 0.0224761
1 0.421734 0.642534 0.0624977 0.0778829
0 0.376967 0.582711 0.0415521 0.0185731
1 0.42117 0.644171 0.061483 0.0769778
0 0.472675 0.604509 0.0399914 0.0198873
0 0.376141 0.583546 0.0435233 0.0194168
1 0.421561 0.646001 0.0622994 0.079083
1 0.42132 0.645618 0.0622733 0.0775508
0 0.474358 0.605985 0.0382498 0.0200591
0 0.374037 0.584357 0.0418105 0.0184219
1 0.421049 0.64625 0.0625939 0.0803396
0 0.374889 0.583039 0.0449249 0.019848
0 0.472104 0.603224 0.0445497 0.0206778
1 0.420256 0.64465 0.0608005 0.0759047
0 0.371848 0.581356 0.0463559 0.0218498
0 0.473829 0.601042 0.0447023 0.0226356
1 0.420515 0.644953 0.0620039 0.0763822
0 0.374082 0.581775 0.0436728 0.0206437
0 0.472933 0.601356 0.0458958 0.0236285
1 0.42055 0.644995 0.0622102 0.0766322
0 0.373048 0.58168 0.046971 0.0240253
0 0.473107 0.601359 0.047595 0.023374
1 0.419901 0.643605 0.0620584 0.0759944
0 0.472976 0.59817 0.0488768 0.0249362
0 0.371692 0.577725 0.0455577 0.0257759
1 0.420577 0.643978 0.0616095 0.0751343
0 0.472759 0.598857 0.0498438 0.0257908
0 0.374152 0.580318 0.046795 0.0248322
1 0.419054 0.638761 0.0628439 0.0798894
0 0.473426 0.594718 0.0463826 0.0252238
0 0.371126 0.573018 0.0486668 0.027624
1 0.418941 0.638498 0.0629191 0.0781508
0 0.472466 0.593308 0.0485388 0.0252921
0 0.371574 0.573357 0.0468466 0.0291621
1 0.418927 0.635979 0.0623418 0.0799204
0 0.472618 0.592272 0.0472036 0.0244937
0 0.372275 0.572783 0.0490399 0.0278709
1 0.418763 0.643095 0.0626835 0.0791391
0 0.471203 0.597546 0.046169 0.02502
0 0.372261 0.577019 0.0433365 0.0249563
1 0.417686 0.634004 0.0618906 0.0763662
0 0.47164 0.591452 0.0463049 0.0241524
0 0.369111 0.572029 0.0444983 0.0283071
1 0.415945 0.631496 0.0596281 0.075533
0 0.469442 0.587272 0.0465167 0.0233306
0 0.369874 0.570146 0.0493541 0.0292557
1 0.415996 0.631868 0.0610953 0.0754122
0 0.468136 0.587249 0.0444185 0.0232412
0 0.369908 0.570772 0.0489006 0.0289888
1 0.416215 0.629437 0.0604611 0.0776558
0 0.469158 0.58558 0.0459558 0.023269
0 0.369833 0.569408 0.0477968 0.0290209
1 0.41603 0.625703 0.0626914 0.0805589
0 0.468838 0.58206 0.047876 0.0235498
0 0.367785 0.562844 0.0485284 0.0269297
1 0.415958 0.627733 0.0617013 0.0771637
0 0.370496 0.566458 0.0480606 0.0272502
0 0.469605 0.58352 0.0469662 0.0231977
1 0.415721 0.62583 0.0633457 0.0806245
0 0.468671 0.582648 0.0482478 0.0229426
0 0.36862 0.564578 0.0483482 0.0251033
1 0.415738 0.626634 0.0620991 0.0788432
0 0.468486 0.582804 0.0492138 0.0228817
0 0.369145 0.564104 0.0494366 0.0267348
1 0.415353 0.627601 0.0621598 0.0777033
0 0.468681 0.582384 0.0480313 0.0230649
0 0.369253 0.564268 0.0476461 0.0257356
1 0.413639 0.628138 0.0617182 0.0772752
0 0.367632 0.566597 0.0472518 0.0283993
0 0.467114 0.582881 0.0487795 0.0229467
1 0.413692 0.629068 0.0616772 0.075153
0 0.467303 0.582927 0.0483509 0.0221465
0 0.366506 0.565221 0.0453667 0.0244555
1 0.413097 0.628243 0.0612832 0.0774083
0 0.466514 0.583214 0.0479206 0.0228208
0 0.36645 0.566038 0.0468237 0.0259989
1 0.413078 0.627969 0.0615572 0.0769037
0 0.466498 0.582941 0.0478777 0.0223885
0 0.367255 0.565003 0.047536 0.0241132
1 0.413035 0.627866 0.0619425 0.0779943
0 0.366832 0.565304 0.0470848 0.0253459
0 0.466361 0.583572 0.0483752 0.0230242
1 0.413315 0.628387 0.0617096 0.0773773
0 0.466578 0.583927 0.0483836 0.0229696
0 0.366642 0.566875 0.0455781 0.0261038
1 0.413565 0.628194 0.0623297 0.077673
0 0.367431 0.56716 0.0479677 0.0259249
0 0.46735 0.584085 0.0511068 0.0231511
1 0.414128 0.62869 0.0619983 0.0775948
0 0.368061 0.567979 0.047454 0.0255474
0 0.466855 0.584315 0.0497869 0.0238991
1 0.414122 0.628487 0.0625489 0.0790464
0 0.36834 0.567496 0.0464027 0.0243959
0 0.467057 0.584274 0.0492808 0.0223726
1 0.413937 0.628766 0.0622289 0.080879
0 0.467385 0.58491 0.048653 0.0221553
0 0.367702 0.569063 0.0480898 0.0270758
1 0.414024 0.628673 0.0618946 0.0804419
0 0.367736 0.56779 0.0470043 0.0241725
0 0.468086 0.584419 0.0492633 0.0219549
1 0.414163 0.629087 0.0612122 0.0803332
0 0.367854 0.567542 0.0469132 0.0235804
0 0.466926 0.584776 0.0497871 0.0229844
1 0.413787 0.630049 0.0615997 0.0788035
0 0.367699 0.56696 0.0464999 0.0226686
0 0.466943 0.584488 0.0478271 0.0221489
1 0.413474 0.630359 0.0615891 0.0786674
0 0.466872 0.585325 0.0473579 0.0222688
0 0.36779 0.5677 0.047891 0.0232829
1 0.41359 0.630202 0.0620415 0.0792283
0 0.467267 0.584916 0.0478144 0.0216502
0 0.366412 0.567612 0.0443739 0.0232997
1 0.412883 0.630505 0.0619221 0.0782453
0 0.466163 0.584783 0.0494943 0.0224111
0 0.366497 0.568344 0.0474052 0.0251549
1 0.412753 0.629609 0.0618602 0.078389
0 0.366823 0.568348 0.0466002 0.0240545
0 0.466075 0.58496 0.0488143 0.0222117
1 0.412768 0.630392 0.0618856 0.0782945
0 0.466159 0.585295 0.0487054 0.0220118
0 0.366582 0.567699 0.0473192 0.0236673
1 0.412683 0.629931 0.062051 0.0795928
0 0.465002 0.584934 0.0479063 0.0219284
0 0.365548 0.567925 0.0446725 0.0242776
1 0.412792 0.629676 0.0615249 0.0783969
0 0.465594 0.585063 0.0461203 0.021799
0 0.366696 0.567292 0.0471637 0.0233387
1 0.412845 0.630304 0.0623289 0.0792025
0 0.46575 0.585994 0.0477707 0.021858
0 0.366049 0.567505 0.0462653 0.0214808
1 0.413201 0.630712 0.0620987 0.0768054
0 0.465368 0.588295 0.0440153 0.0215574
1 0.413363 0.631506 0.0611421 0.0776525
0 0.465008 0.588409 0.043149 0.022199
1 0.412988 0.631287 0.062291 0.078771
0 0.46519 0.588442 0.0448919 0.0218727
1 0.409895 0.633974 0.0635673 0.0787102
0 0.464277 0.589611 0.044375 0.0211845
0 0.360461 0.573056 0.0458952 0.0262227
1 0.40952 0.632453 0.0641772 0.0839448
0 0.462995 0.589691 0.0466756 0.0209956
0 0.360063 0.572004 0.0474916 0.0248222
1 0.407691 0.634081 0.0631988 0.0803205
0 0.460989 0.58954 0.0466575 0.0211983
0 0.358552 0.574111 0.0435059 0.0248562
1 0.407616 0.634172 0.0634338 0.0792618
0 0.460963 0.589654 0.0463659 0.0202194
0 0.358405 0.572941 0.0458102 0.0253985
1 0.407053 0.632383 0.0633028 0.0792238
0 0.461175 0.589551 0.0489962 0.0206515
0 0.358432 0.572808 0.0476401 0.024984
1 0.402914 0.633287 0.0631853 0.0777049
0 0.457701 0.588189 0.0489407 0.0192602
0 0.35652 0.573495 0.0474779 0.0270615
1 0.401969 0.632329 0.0625377 0.079789
0 0.45539 0.588271 0.0472289 0.021755
1 0.401231 0.631924 0.0632609 0.0800215
0 0.456095 0.588772 0.0456979 0.0198952
1 0.400732 0.631583 0.0625416 0.0794952
0 0.455401 0.588913 0.0481428 0.0204009
1 0.399489 0.632327 0.0629384 0.0814237
0 0.453009 0.588756 0.044088 0.0219968
1 0.399388 0.633693 0.0624663 0.0793969
0 0.452617 0.588261 0.0450527 0.0219098
1 0.398532 0.633356 0.0639172 0.0777762
0 0.453464 0.586789 0.0479579 0.023649
0 0.349277 0.572573 0.0449218 0.0226596
1 0.398641 0.632725 0.0640875 0.0777114
0 0.452901 0.585932 0.0488724 0.0234398
0 0.34913 0.5708 0.0453287 0.0222052
1 0.398225 0.631811 0.0638424 0.0811476
0 0.451767 0.584843 0.0503464 0.0221784
0 0.349544 0.570962 0.048638 0.0237216
