1 0.872775 0.702872 0.243178 0.259626
1 0.143615 0.389325 0.18834 0.219809
1 0.627874 0.822241 0.719156 0.354475
1 0.19331 0.401098 0.286179 0.225184
0 0.530859 0.492525 0.934812 0.690355
0 0.571177 0.675627 0.857647 0.621724
1 0.138614 0.752099 0.277228 0.24564
0 0.494247 0.855338 0.979577 0.287476
0 0.135993 0.409637 0.180978 0.191973
0 0.874308 0.608021 0.251384 0.418245
1 0.565711 0.6788 0.862209 0.420801
0 0.138507 0.606683 0.277014 0.56027
0 0.146519 0.780258 0.293038 0.439485
1 0.873919 0.542183 0.24691 0.549682
0 0.166256 0.430704 0.235422 0.209628
1 0.500998 0.419786 0.889663 0.684274
0 0.159201 0.827842 0.318401 0.344316
0 0.306163 0.316406 0.612325 0.625007
0 0.501177 0.759636 0.97924 0.480537
0 0.19523 0.326458 0.39046 0.638288
0 0.569692 0.89484 0.845855 0.210319
0 0.66783 0.905279 0.651335 0.189442
0 0.164083 0.462375 0.270653 0.222427
1 0.513912 0.608138 0.582892 0.358817
1 0.679752 0.881574 0.616864 0.236852
0 0.241796 0.833986 0.483592 0.332027
0 0.465369 0.136377 0.873667 0.272754
0 0.380725 0.167288 0.76145 0.334575
1 0.246992 0.280654 0.493984 0.550347
0 0.139306 0.511635 0.278611 0.773588
0 0.526058 0.556841 0.655272 0.461737
0 0.560751 0.470279 0.731118 0.25721
0 0.273653 0.197765 0.547305 0.395531
1 0.470685 0.296616 0.859787 0.436597
0 0.877729 0.562437 0.244541 0.562982
0 0.784153 0.914758 0.41851 0.170484
0 0.380393 0.107768 0.760785 0.215535
0 0.424351 0.214125 0.848702 0.423415
0 0.806635 0.935162 0.372277 0.129675
0 0.503927 0.632562 0.683404 0.379586
0 0.683991 0.598968 0.632018 0.605596
0 0.549309 0.264948 0.837668 0.466741
0 0.0835908 0.2085 0.167182 0.416999
1 0.340215 0.310683 0.589628 0.399416
0 0.303659 0.139035 0.607318 0.27807
0 0.481011 0.394526 0.870283 0.639486
0 0.45388 0.196476 0.727328 0.392952
0 0.206831 0.917916 0.413663 0.164168
0 0.467027 0.558523 0.886393 0.518236
0 0.811772 0.0959231 0.376456 0.191846
0 0.830289 0.30315 0.339421 0.316674
1 0.138755 0.644851 0.277511 0.516981
0 0.444453 0.246967 0.628787 0.369127
0 0.136733 0.263318 0.273465 0.5131
0 0.739171 0.16658 0.521658 0.33316
0 0.706779 0.785601 0.577184 0.425892
0 0.660403 0.246775 0.679193 0.467121
0 0.373451 0.251888 0.746903 0.457297
0 0.164221 0.8471 0.328441 0.3058
0 0.730139 0.41106 0.539722 0.304592
0 0.153995 0.433497 0.175843 0.172876
0 0.869631 0.815174 0.260738 0.364915
1 0.500997 0.814518 0.982762 0.370964
0 0.848202 0.118823 0.303595 0.237646
0 0.268733 0.504821 0.537467 0.813407
0 0.496114 0.603382 0.976789 0.777064
0 0.585648 0.150648 0.828704 0.301296
0 0.139191 0.713907 0.278383 0.384569
0 0.835981 0.162895 0.328039 0.316774
0 0.282045 0.42272 0.564089 0.607165
1 0.648848 0.451023 0.533314 0.197494
1 0.172361 0.318006 0.289652 0.352336
0 0.115627 0.186028 0.231254 0.372057
0 0.491624 0.189025 0.87701 0.303759
0 0.711794 0.106688 0.576412 0.213377
0 0.532401 0.321116 0.813182 0.300306
1 0.498279 0.707395 0.983463 0.585209
1 0.541103 0.417775 0.767934 0.250497
1 0.511246 0.659523 0.547419 0.252722
0 0.475767 0.642467 0.951534 0.508296
0 0.522281 0.113018 0.826088 0.226036
0 0.815471 0.248057 0.369057 0.325431
0 0.867772 0.355922 0.264455 0.347758
0 0.547812 0.0821919 0.904376 0.164384
0 0.890544 0.764191 0.218912 0.317657
0 0.874427 0.743482 0.251146 0.247825
0 0.873597 0.806032 0.245968 0.378969
0 0.486669 0.34584 0.870355 0.414881
1 0.5 0.531535 1 0.853531
0 0.752403 0.512695 0.49448 0.668963
0 0.138784 0.773353 0.277569 0.200588
0 0.906014 0.479279 0.187972 0.382179
1 0.53358 0.366061 0.79915 0.28184
0 0.652712 0.377895 0.694576 0.436006
0 0.637432 0.846548 0.701943 0.306904
